16.965812
9.932553
7.120746
2.057331
21.915997
21.915997
21.915997
22.095365
2.990932
16.196083
2.34558
2.910243
25.69652
2.111466
12.686898
22.128479
3.182729
6.245336
14.054859
24.647723
1.156233
1.156233
11.860747
5.582148
4.004215
1.158993
19.093314
17.334914
2.150427
21.915997
22.095365
1.452486
6.00578
0.0
11.901386
7.625659
4.795167
1.821274
22.128479
1.156233
14.324596
4.137959
4.137959
4.137959
4.137959
14.324596
14.324596
4.137959
4.137959
4.137959
4.137959
4.137959
4.137959
7.74437
14.324596
11.437443
1.735729
1.975806
2.894731
1.883955
1.735729
14.324596
4.137959
4.137959
4.137959
4.137959
4.137959
4.137959
4.137959
4.137959
14.324596
14.324596
4.137959
4.137959
4.137959
4.137959
4.137959
4.137959
4.137959
4.137959
10.101669
4.137959
4.137959
4.137959
4.137959
4.137959
4.137959
12.603676
10.610914
8.585158
4.137959
4.137959
4.137959
4.137959
4.137959
12.158718
4.137959
4.137959
4.137959
4.137959
4.137959
18.248697
11.63341
4.137959
4.137959
4.137959
4.137959
4.137959
4.137959
4.137959
14.324596
14.295406
4.137959
4.137959
11.855295
14.324596
4.137959
4.137959
4.137959
4.137959
14.324596
4.137959
4.137959
4.137959
4.137959
13.115711
14.324596
9.789473
10.897175
7.801176
14.324596
4.137959
4.137959
11.683549
4.137959
14.324596
14.324596
8.30819
14.324596
14.324596
2.928942
22.059491
22.128479
1.876464
1.913208
1.821274
9.445789
22.437904
16.06603
2.065811
21.954621
22.001541
7.356826
18.528749
21.505275
16.860487
9.216556
6.775619
24.385695
21.629998
10.11127
22.059491
14.324596
4.137959
5.856974
4.137959
4.137959
4.137959
7.415832
7.415832
4.137959
4.137959
4.137959
4.137959
4.137959
4.137959
4.137959
4.137959
7.330264
1.156233
1.975806
1.876464
22.059491
22.059491
22.059491
7.557382
22.059491
4.919938
1.975806
1.156233
6.714458
22.059491
1.975806
5.592086
11.505094
1.975806
1.156233
1.156233
1.975806
14.324596
14.324596
14.324596
14.324596
9.415816
12.537299
1.539804
2.342821
2.34558
23.864792
25.540976
22.142716
25.429261
10.172453
19.093314
19.220759
11.638781
2.656332
2.342821
1.252853
20.559712
9.133974
7.192368
9.372347
9.905646
13.494044
6.247527
1.326902
21.827181
24.948364
21.411881
21.795488
2.342821
1.876464
1.156233
14.324596
11.978349
14.324596
24.526583
13.597028
22.879416
21.915997
21.915997
21.915997
21.915997
5.643609
5.013624
2.912992
22.128479
1.876464
12.532387
4.264108
22.128479
1.395558
22.128479
24.15143
13.937614
14.238542
1.975806
1.156233
14.324596
14.324596
14.324596
4.137959
4.137959
4.137959
4.137959
11.628724
12.691504
14.249822
4.137959
4.137959
4.137959
4.137959
4.137959
4.137959
4.137959
4.137959
9.587268
4.137959
4.137959
4.137959
4.137959
4.137959
4.137959
4.137959
7.416047
4.137959
4.137959
4.137959
4.137959
4.137959
4.137959
4.137959
4.137959
3.378297
14.324596
4.137959
4.137959
14.324596
4.137959
14.324596
3.845555
1.156233
1.975806
7.264462
1.975806
1.156233
14.324596
14.324596
9.631461
1.156233
14.324596
23.319072
14.344471
14.324596
14.324596
14.324596
7.386566
1.156233
13.146535
1.821274
1.724691
10.593303
1.550842
24.214665
22.128479
22.059491
1.975806
14.324596
13.222141
1.156233
1.735729
1.88587
25.509557
13.391625
12.425839
18.919089
2.143123
0.85993
0.733563
1.962649
19.656472
0.797497
13.496243
17.480263
2.342821
2.342821
1.550842
15.86716
1.747543
16.878186
22.128479
22.128479
1.876464
3.395674
2.342821
22.186928
7.679472
1.558263
3.442461
1.724691
14.941631
22.128479
1.975806
1.156233
1.876464
24.214665
1.821274
2.342821
2.342821
16.315984
2.342821
22.265804
25.645912
1.876464
22.059491
1.975806
22.153178
4.137959
4.137959
14.324596
4.137959
3.890644
4.137959
4.137959
4.137959
4.137959
7.415832
7.415832
4.137959
4.137959
4.645603
4.137959
2.111399
1.975806
1.876464
24.214665
22.128479
23.803824
2.412239
4.403098
21.963356
14.324596
4.137959
14.324596
1.975806
3.157435
22.128479
9.173761
5.205502
18.717218
16.843798
0.0
1.330762
3.867279
6.995684
7.115088
24.307884
1.975806
14.324596
14.324596
4.137959
4.137959
7.415832
7.415832
4.137959
4.137959
4.137959
4.137959
4.137959
4.137959
12.018236
1.156233
17.676774
12.3457
22.785113
21.915997
7.415832
7.415832
7.415832
21.915997
21.915997
22.709234
9.933534
13.819801
1.724691
15.355043
24.726021
12.630949
13.951017
9.029666
2.342821
15.368996
8.294794
2.342821
2.342821
23.599473
15.623832
14.185296
14.324596
14.324596
14.324596
4.137959
4.137959
4.137959
14.324596
14.324596
14.324596
18.739903
1.975806
22.059491
14.056924
4.137959
4.137959
7.415832
7.415832
7.415832
7.415832
7.415832
7.415832
7.415832
7.415832
7.415832
7.415832
7.415832
4.137959
14.324596
1.876464
1.724691
18.575476
18.499407
22.128479
24.731084
22.128479
22.128479
10.457678
2.342821
0.407271
22.445082
2.342821
2.732857
24.214665
11.155309
9.535109
14.324596
1.735729
14.324596
14.324596
14.324596
5.165076
24.390497
1.65216
24.214665
1.975806
14.324596
14.324596
4.137959
14.324596
13.067082
4.137959
14.324596
4.137959
4.137959
4.137959
9.724499
14.324596
4.137959
4.137959
12.04829
4.137959
23.527875
4.137959
14.324596
14.324596
4.137959
4.094929
14.324596
14.324596
4.137959
4.137959
14.324596
4.137959
4.137959
4.137959
4.137959
6.412264
14.324596
4.146379
1.156233
22.128479
10.679005
25.461654
21.71808
22.128479
11.9343
23.908074
4.250164
4.137959
4.137959
4.137959
14.324596
14.324596
14.324596
4.137959
4.137959
1.156233
14.324596
1.975806
14.324596
10.3182
5.580511
1.975806
13.146535
14.324596
11.91935
22.128479
7.419626
8.939609
7.326272
1.735729
24.104111
22.128479
1.975806
1.156233
3.749987
1.821274
24.648055
1.724691
1.821274
4.031961
1.700921
1.876464
22.059491
27.35751
22.128479
24.214665
1.876464
1.876464
1.876464
22.059491
3.909993
5.147925
1.539804
2.342821
2.342821
15.505664
0.523563
5.037925
20.218473
22.095365
21.915997
21.915997
21.915997
21.915997
21.854927
10.664218
2.84962
21.109535
1.876464
2.014916
3.959329
10.11431
1.156233
14.324596
14.324596
1.156233
12.578142
1.975806
14.324596
6.583488
8.302174
14.324596
24.508993
14.324596
1.735729
1.975806
1.156233
14.324596
9.558088
14.324596
2.047533
1.156233
10.616659
1.876464
25.603003
1.876464
22.059491
1.975806
14.324596
14.324596
4.137959
4.137959
4.137959
4.137959
4.137959
4.137959
4.137959
4.137959
4.137959
4.137959
4.137959
4.137959
4.137959
4.137959
4.137959
11.032641
4.137959
7.415832
7.415832
7.415832
7.415832
7.415832
7.415832
7.415832
7.415832
7.415832
7.415832
7.415832
7.415832
7.415832
7.415832
7.415832
4.137959
4.137959
4.137959
4.137959
4.137959
4.137959
7.415832
7.415832
14.34008
4.137959
14.324596
19.035635
1.724691
1.189456
0.0
0.0
6.884049
22.484707
1.821274
1.735729
4.137959
4.137959
4.137959
4.137959
4.137959
4.137959
4.137959
4.137959
4.137959
4.137959
4.137959
4.137959
4.137959
11.75421
14.324596
14.324596
14.324596
11.716435
22.128479
1.550842
15.933236
15.887891
2.219898
1.829387
1.876464
7.337116
13.859308
4.137959
4.137959
4.137959
4.137959
4.137959
4.137959
4.137959
14.324596
1.876464
8.221664
0.0
21.915997
21.915997
1.978566
1.978566
1.978566
21.915997
21.566072
22.191289
13.482799
1.539804
24.214665
3.921358
1.724691
2.342821
2.342821
25.809062
7.339166
21.915997
21.915997
21.915997
21.915997
1.978566
1.978566
21.915997
21.915997
21.915997
11.973569
7.415832
7.415832
7.415832
7.415832
7.415832
7.415832
7.415832
7.415832
7.415832
7.415832
7.415832
7.415832
7.415832
7.415832
7.415832
7.415832
7.415832
7.415832
21.915997
24.813369
2.342821
1.550842
22.059491
11.505094
14.324596
12.487112
6.650037
1.975806
22.128479
8.319102
1.402077
24.653741
0.0
21.490227
0.0
25.339985
23.562446
12.629051
22.128479
1.156233
5.273294
4.137959
4.137959
4.137959
4.137959
4.137959
11.927916
4.137959
4.137959
4.137959
4.137959
4.137959
4.137959
1.975806
22.059491
27.522542
25.617083
22.128479
1.724691
1.565909
2.342821
2.161509
1.929298
1.539804
22.128479
22.128479
14.310893
7.134997
24.214665
22.128479
24.413612
16.878281
15.995699
15.721192
7.667498
23.611177
9.630389
2.342821
2.342821
1.724691
15.759658
22.059491
1.735729
1.975806
2.378282
14.324596
14.324596
14.324596
1.156233
1.975806
1.975806
10.541129
1.975806
7.069651
22.059491
7.317503
1.975806
1.735729
6.714458
1.975806
1.156233
1.156233
1.833018
1.975806
1.156233
5.953595
10.114327
14.324596
24.462558
14.324596
4.137959
4.137959
7.863141
4.137959
4.137959
11.609733
11.830533
14.324596
24.461342
8.09636
22.059491
13.525955
1.975806
1.975806
1.494735
14.548278
4.137959
4.137959
14.324596
9.295155
11.757565
4.137959
14.324596
1.156233
7.326272
1.735729
1.156233
3.554588
10.496251
3.796983
22.059491
27.309836
1.156233
1.975806
14.350565
13.975045
14.310893
7.292406
1.876464
14.007359
1.156233
14.324596
14.324596
6.509281
1.156233
1.735729
22.059491
1.876464
1.733866
28.034211
15.063056
24.388156
19.940185
2.342821
17.727663
2.119571
2.342821
21.857979
1.004987
23.918283
2.148425
19.093314
24.410498
7.601813
23.802678
6.468145
8.951303
27.855982
20.470309
14.525725
7.970252
2.040531
21.704694
5.013624
10.624875
14.359858
18.12903
8.441666
24.44237
21.000209
1.539804
4.051037
16.200962
1.550842
1.821274
25.108018
2.342821
18.240682
17.38246
22.001541
3.565087
17.91078
22.383163
23.403455
24.3895
5.615249
0.180871
5.443969
21.843312
21.81304
10.128632
10.473435
0.0
5.510628
22.737402
1.208676
21.827181
1.060369
7.528318
0.0
0.438462
24.372262
8.143312
24.424388
7.691004
21.453564
25.461654
2.264442
2.342821
1.863828
2.342821
7.259237
0.582361
21.827181
21.915997
21.915997
21.915997
21.915997
21.915997
21.915997
5.347436
3.129916
21.867499
9.67783
0.0
0.0
5.539687
0.97507
0.0
25.421837
21.954794
0.0
3.231264
21.872105
7.690743
0.0
8.19084
10.516305
7.301032
6.870154
21.335878
8.077635
22.394859
25.489553
6.918392
4.872986
1.724691
2.808337
4.79177
7.107331
7.482079
1.539804
7.857366
22.234403
23.706567
24.021961
7.510801
7.081903
21.846008
2.895425
22.193338
21.827181
0.0
5.673918
0.0
0.408008
6.930175
5.770347
5.012891
20.682495
21.182492
21.316808
10.517957
6.650485
22.095365
21.915997
21.915997
21.915997
21.915997
21.915997
21.915997
21.915997
1.978566
21.915997
21.915997
21.915997
21.915997
21.915997
22.095365
11.101268
21.569486
25.553541
7.257727
3.736371
20.351063
8.394369
10.427848
24.43205
21.663837
1.809623
8.084011
22.001541
13.992301
2.34558
7.204032
2.099116
22.0675
24.185828
2.342821
1.511815
5.719903
1.712242
9.720778
2.128592
23.489739
7.649791
15.715579
0.4794
2.047945
5.120665
22.001541
23.9388
21.697913
23.577646
5.021128
16.048259
9.46629
4.65923
0.0
15.035522
14.355376
10.643396
22.33892
15.649289
9.924815
19.312298
0.0
0.0
17.137523
0.0
21.947906
0.686397
0.0
12.736572
0.0
21.969431
22.092265
0.0
21.883253
22.139293
0.0
11.98618
24.358857
0.0
0.0
5.304637
3.555985
21.96415
5.140712
20.92739
5.02497
19.190297
15.645347
14.59119
0.0
7.819757
0.0
23.621599
0.0
3.941004
2.449748
4.913472
5.840708
21.587615
9.987576
5.366376
15.611525
23.687988
0.0
0.0
20.960698
6.611737
0.0
6.164749
20.875175
2.014803
22.217798
21.787621
21.280467
7.701008
22.112241
21.935343
22.232099
23.139321
21.681439
13.827263
0.0
0.0
7.365597
7.016517
0.0
7.101084
19.018314
5.887929
0.0
4.422316
0.0
7.654589
16.526951
7.480834
21.725591
22.491855
0.0
0.458183
6.345145
16.568003
0.565932
1.22668
0.0
1.627809
0.0
14.255512
6.533657
0.0
5.250345
0.0
19.576981
8.158277
8.158277
0.0
1.22668
22.801466
13.827263
22.524865
6.634089
1.285471
21.331431
21.488273
0.616346
0.629533
6.643745
1.715166
7.101084
25.38844
0.0
6.076094
21.925057
6.097081
0.0
2.014803
13.733692
0.0
0.391043
18.152586
6.112167
21.6528
0.0
21.898072
5.071512
13.826991
0.0
0.0
6.059101
0.0
4.085498
0.0
0.0
21.925057
0.0
0.0
0.0
24.110242
22.016935
5.160127
16.271328
5.149238
0.0
12.437732
4.612188
17.293555
4.422316
6.345145
21.662197
21.316808
0.0
25.774303
17.527802
0.0
0.374512
22.119714
4.794203
2.214463
0.0
13.941566
0.0
7.237272
0.0
3.23442
22.887034
25.421837
5.215353
23.517906
0.0
4.295527
6.735613
9.305473
21.711045
0.0
13.733692
22.276979
6.059101
12.371479
0.0
1.285471
0.0
0.0
5.135469
19.376859
3.48065
7.606319
10.424776
1.186327
1.022886
5.78062
5.737869
24.171351
13.942142
4.150092
5.443969
0.0
0.0
0.0
0.0
0.0
0.0
12.77147
1.311148
0.0
6.914328
25.158472
0.0
0.0
21.333659
7.187293
0.0
24.31963
18.803274
0.0
3.491771
1.337842
22.853503
0.0
3.304995
19.957208
12.77147
0.0
21.316808
0.0
2.15427
6.480018
0.0
0.0
1.906784
14.554684
0.0
18.580392
0.0
2.781295
0.0
21.685651
0.0
24.110242
21.929207
0.571536
22.046384
2.144832
0.0
0.555154
19.312298
0.0
0.0
9.043747
5.841267
21.654233
22.750729
5.05631
0.638543
10.991896
21.386167
10.991896
16.902998
0.0
0.0
10.600593
14.141277
6.455987
13.668711
0.0
13.827263
5.340685
7.052653
2.772456
24.372262
24.115318
0.0
7.55166
24.160867
25.785245
23.354077
7.574626
11.528677
1.538411
19.23962
4.863843
8.105373
19.374472
5.813057
7.615616
24.456621
13.967983
22.523806
26.73078
0.006242
4.370065
21.830777
21.182492
13.941566
0.0
19.56716
0.0
0.0
22.297103
4.837414
11.89065
0.0
0.0
5.440476
22.50304
5.313894
1.186327
0.0
7.261414
21.740593
23.072575
7.365597
7.567045
22.21262
0.0
0.0
0.0
0.0
9.882843
0.438462
0.0
0.0
0.0
0.0
0.616346
0.0
1.529114
0.0
0.0
0.954823
4.943592
22.786946
21.938073
3.413364
2.149673
0.0
4.49103
0.0
21.946351
13.942142
6.475566
8.9083
0.898471
0.0
0.0
11.929587
12.077134
21.890474
21.877365
26.043513
8.919849
8.491
0.0
6.603214
13.777604
9.020144
6.247432
16.92298
3.867505
0.0
0.0
0.0
12.784541
0.0
22.553359
20.042953
3.253535
7.701008
21.870368
0.0
4.803843
10.049959
0.0
8.929836
22.200572
7.488969
0.0
4.52645
21.855692
0.0
23.384893
0.0
0.0
0.0
16.966875
21.757597
6.791612
9.043747
4.470585
0.0
0.0
0.321526
5.099221
25.179836
3.932365
9.699364
0.954823
4.932866
21.05633
11.948004
24.444171
21.266184
11.871964
6.049234
22.015964
17.334914
7.101084
1.022886
0.0
3.95188
2.94709
21.711045
10.074905
6.914328
1.715166
0.0
0.0
7.179228
0.0
5.02497
0.0
24.171351
4.258889
0.0
7.567045
0.735769
0.0
6.397196
16.106655
2.699667
22.487196
0.0
0.0
14.476197
0.0
3.855238
0.0
10.435821
6.455987
3.574001
0.681805
26.690703
0.0
6.643745
0.0
7.365597
10.074905
22.698935
0.555154
16.271328
21.331431
13.827263
0.0
4.51855
10.487142
0.0
5.956127
0.0
5.313894
21.83681
9.356596
18.803274
19.341401
3.539044
4.011187
21.420585
0.339365
3.867505
0.0
0.0
9.02628
22.762462
21.167567
16.512346
21.608666
24.75661
0.0
5.887929
18.152586
14.278864
0.0
7.635619
1.184325
21.491426
5.672206
19.553545
0.0
6.927903
1.186327
0.0
0.0
0.0
0.0
1.147657
0.555596
23.454667
24.184311
0.650814
0.0
22.528214
22.200572
9.37349
0.0
0.0
0.0
10.621201
6.039613
0.0
2.014803
10.049959
4.096809
1.019118
5.98217
0.0
7.861713
23.077653
0.0
11.948004
21.970668
5.325619
0.0
0.0
0.623662
6.112167
13.942142
23.24991
22.76437
6.692751
16.824549
22.822117
8.215833
8.215833
5.469656
24.495767
10.695979
22.317435
6.845245
21.384668
9.098682
23.072575
12.500562
22.343667
5.695112
3.43982
2.747831
21.799389
21.482773
21.626639
0.701382
21.595969
0.0
0.0
22.38287
23.139321
7.570678
22.12779
5.156336
21.809232
5.382772
19.376859
0.0
0.0
22.08041
24.456621
9.67783
10.21998
0.0
0.0
21.800611
25.752437
21.827181
21.827181
22.741317
22.095365
21.827181
22.03498
0.0
0.0
0.0
22.401384
0.0
8.646864
21.827181
21.947905
3.847698
21.915997
21.915997
21.915997
21.915997
7.415832
1.978566
7.415832
7.415832
21.915997
21.915997
21.915997
21.915997
21.827181
17.192178
25.301165
24.115318
21.513832
24.155122
1.538923
18.268646
7.059843
0.734945
4.90359
22.095365
21.827181
0.0
21.827181
21.915997
21.915997
21.767405
21.153946
25.588452
0.0
8.09678
0.321526
21.405669
0.0
25.78189
22.409361
2.344966
8.435644
25.952706
25.522218
1.537867
18.811552
8.546907
1.558387
9.633435
25.466815
8.631654
21.335634
25.936657
14.231296
2.342821
1.550842
1.550842
22.128479
22.059491
1.975806
1.156233
1.156233
1.156233
21.983299
1.156233
6.540115
22.128479
1.876464
1.876464
5.949016
25.696007
2.342821
1.724691
1.706282
8.361311
14.045001
25.465404
1.735729
14.324596
14.324596
4.137959
4.137959
4.137959
12.081234
4.137959
8.767583
4.137959
4.137959
7.415832
7.415832
4.137959
4.137959
14.324596
1.876464
22.128479
2.342821
11.631336
5.937238
13.880622
2.34558
17.777767
19.310211
5.569271
5.922626
2.036064
1.639416
5.149931
23.219308
2.342821
2.063399
8.280761
9.917078
22.059491
14.324596
18.3319
25.120567
12.62606
21.314437
0.0
15.55732
21.827181
3.282053
23.050584
2.342821
1.821274
2.928942
1.975806
14.324596
14.324596
14.324596
4.137959
14.324596
14.324596
13.811328
4.137959
4.137959
11.822143
4.558616
1.156233
12.020883
2.48019
14.324596
10.494734
24.637689
14.324596
14.324596
1.156233
14.324596
14.324596
14.324596
1.156233
1.876464
24.527304
3.872115
1.876464
10.722989
1.973474
1.773027
22.059491
22.059491
1.735729
4.647609
1.156233
14.324596
14.324596
14.324596
1.156233
3.642955
4.62916
22.128479
16.695629
14.941631
22.059491
22.059491
22.042699
13.753693
1.821274
22.128479
22.059491
1.975806
1.156233
1.809081
16.306847
1.724691
11.924513
14.307406
1.821274
1.876464
7.356668
22.059491
14.324596
22.059491
14.324596
14.324596
4.137959
14.324596
7.174078
4.137959
4.137959
7.415832
7.415832
4.137959
7.415832
7.415832
7.415832
7.49053
4.137959
4.137959
4.137959
4.137959
4.137959
1.876464
22.059491
24.620313
1.876464
3.559901
18.280873
7.914259
15.954062
9.841534
1.821274
0.972678
13.802501
21.769362
0.0
0.0
15.029832
1.327754
2.342821
1.876464
12.577038
11.987627
4.137959
4.137959
4.137959
4.137959
8.353103
19.117236
8.932546
22.116132
21.827181
2.347876
22.542421
22.001541
23.325034
1.876464
1.735729
3.768635
14.324596
14.324596
14.324596
1.156233
1.975806
14.324596
4.145936
1.156233
1.975806
1.156233
10.319675
4.137959
4.137959
14.336703
14.324596
14.324596
14.324596
14.324596
14.324596
14.324596
14.127188
14.324059
14.324596
14.324596
14.324596
4.137959
13.203666
4.137959
4.137959
4.137959
4.137959
7.415832
7.415832
7.415832
7.415832
7.415832
7.415832
7.415832
7.415832
4.137959
4.137959
4.137959
4.137959
4.137959
4.137959
4.137959
4.137959
4.137959
4.52188
4.137959
4.137959
12.04829
4.137959
4.137959
4.137959
4.137959
4.137959
14.324596
24.570623
14.324596
14.324596
4.137959
4.137959
4.137959
4.137959
4.137959
4.137959
4.137959
4.137959
14.324596
14.324596
14.324596
10.530736
1.156233
14.324596
4.137959
4.137959
4.137959
9.465536
4.137959
18.874912
4.137959
2.730466
1.156233
1.735729
1.975806
22.059491
24.543046
27.412907
1.876464
6.577332
2.412239
1.156233
22.059491
9.637113
1.156233
22.171363
14.324596
14.324596
14.324596
14.324596
14.324596
14.324596
1.156233
1.156233
1.156233
1.975806
5.526685
9.613776
22.059491
3.855105
16.497447
1.975806
22.059491
22.059491
14.028645
22.059491
2.262765
1.876464
6.714458
2.395197
1.975806
5.87313
22.059491
1.975806
1.156233
14.324596
14.324596
1.156233
14.324596
14.324596
4.137959
4.137959
4.137959
4.137959
4.137959
4.137959
4.137959
4.137959
8.585158
4.137959
7.415832
7.415832
4.137959
12.133373
4.137959
8.531654
4.137959
1.156233
9.80728
1.876464
1.539804
25.374721
25.946439
19.32568
22.001541
2.342821
1.724691
19.199257
1.93242
1.719491
1.876464
22.059491
24.288444
1.899868
22.128479
1.876464
22.128479
22.128479
24.323748
22.128479
22.059491
10.454329
1.859126
22.059491
1.975806
1.156233
3.169019
14.324596
4.137959
4.137959
5.318846
4.137959
6.253381
14.324596
14.324596
1.975806
11.415823
14.751336
1.735729
14.324596
14.324596
14.324596
14.324596
14.324596
24.511248
6.27306
14.324596
1.975806
4.675361
22.128479
1.537772
2.342821
2.342821
18.030612
18.126358
18.434497
2.342821
7.635016
24.346847
9.108188
15.828145
12.474049
10.367749
5.062062
2.342821
11.735444
22.391336
22.511159
17.312487
2.34558
24.548756
17.280027
10.536667
1.724691
1.644408
2.205525
4.941102
11.416888
1.821274
15.483139
4.029001
22.128479
2.077305
1.876464
22.128479
22.128479
24.321965
13.735485
6.729883
25.452055
12.362493
21.915997
22.095365
1.542393
21.827181
1.936475
0.0
6.630068
24.748629
2.062581
5.673918
6.262873
14.941883
2.31208
25.349172
22.128479
4.854633
25.706576
1.876464
22.128479
16.200962
25.647448
1.821274
9.750392
15.727389
1.821274
1.724691
24.648482
11.917107
6.857068
11.727162
1.539804
12.599904
5.922626
22.017875
24.239415
23.61381
2.342821
2.014352
2.342821
22.010471
7.545792
2.342821
25.697032
22.128479
4.955921
22.128479
12.515898
22.128479
13.740798
22.128479
22.059491
22.059491
23.071761
2.603714
14.324596
14.324596
12.208668
14.324596
9.055952
14.324596
10.865592
14.324596
14.324596
10.509937
22.059491
22.128479
22.128479
5.147925
22.128479
22.059491
2.228923
9.449395
14.045951
4.958159
23.477658
3.187127
22.128479
22.128479
1.598217
5.053957
1.876464
15.623832
4.046661
16.497447
22.128479
1.876464
24.500053
22.128479
22.092325
4.729469
16.789815
5.158979
21.799272
1.539804
22.128479
1.550897
2.342821
25.129573
1.724691
1.539804
22.128479
22.128479
2.063399
12.627328
18.633058
6.60502
1.550842
10.577713
1.775388
1.550842
10.067121
1.821274
2.342821
2.342821
15.940153
15.995699
1.779959
19.077721
1.724691
1.550842
1.876464
22.059491
7.156611
5.58721
22.128479
10.321305
7.279226
1.724691
5.089494
2.342821
13.584771
3.145905
1.070736
2.342821
24.376324
10.457678
2.746833
14.042584
17.498325
7.186119
24.080871
3.324362
2.342821
7.566868
24.27644
24.407451
1.821274
1.724691
11.649384
1.724691
17.483862
2.667574
2.342821
2.342821
1.758471
5.209769
21.466006
8.401134
1.687199
1.821274
1.841412
2.342821
18.255891
25.985965
2.34558
1.355581
24.695389
1.821274
10.091629
5.577164
10.679005
1.550842
6.169576
10.091629
24.704058
23.338554
1.465181
2.342821
17.150767
1.539804
2.709337
8.648402
1.821274
1.724691
2.388693
13.43209
7.033949
2.342821
1.821274
22.128479
1.876464
22.128479
16.927517
22.004597
22.128479
22.128479
22.128479
14.941631
1.821274
5.747962
14.03617
2.342821
19.183338
1.539804
1.550842
1.539804
2.342821
2.342821
7.699011
24.016174
10.523962
7.699011
10.142844
14.337528
1.724691
2.342821
1.583752
21.397292
1.539804
1.539804
1.724691
2.342821
1.550842
25.76199
3.48851
1.821274
8.817391
22.128479
25.596941
3.454109
7.098164
1.539804
1.967796
24.416109
24.622305
24.214665
22.128479
16.061623
4.304433
1.876464
22.128479
1.821274
1.724691
1.821274
1.1668
23.014166
8.678521
4.907787
23.21017
23.768318
22.50304
1.211957
25.806026
5.063161
5.192047
2.34558
3.170098
5.927835
24.188686
2.342821
7.954635
2.164609
2.342821
2.342821
7.372396
1.978932
10.641879
11.893827
1.746767
2.910243
1.821274
13.662157
19.544338
10.945483
2.342821
20.875444
13.771955
17.642443
7.023883
1.200864
1.58125
2.08808
2.342821
13.391625
18.454933
10.646333
2.709337
17.45975
8.429929
1.724691
7.892867
24.050969
1.724691
10.526195
1.821274
24.214665
22.128479
1.876464
22.059491
5.580511
4.933479
22.059491
1.975806
1.735729
1.156233
1.975806
1.735729
8.621084
14.324596
14.324596
14.324596
27.593209
22.059491
1.975806
22.059491
5.433041
5.926301
22.059491
22.128479
4.221351
22.128479
12.48211
15.705602
2.82536
18.134166
18.185881
2.342821
25.259784
5.71917
20.766658
14.325568
11.899467
2.493001
12.385562
2.342821
11.876201
2.342821
20.837615
2.342821
23.198021
19.23962
21.941105
2.34558
2.076232
2.342821
2.455594
3.61973
10.021218
22.128479
2.117878
1.876464
1.876464
1.876464
24.622972
22.128479
22.128479
24.214665
18.499407
1.876464
5.50051
14.531559
10.48425
22.059491
1.735729
12.896254
22.059491
4.737342
27.302128
5.245657
1.975806
9.415816
1.876464
1.876464
1.876464
14.858968
1.839902
1.724691
17.019741
1.876464
1.156233
14.324596
1.156233
14.324596
14.324596
14.324596
14.324596
1.173434
1.975806
5.294316
12.171308
4.588427
1.539804
4.734389
2.342821
1.583752
1.921875
1.724691
1.821274
16.961583
22.128479
22.128479
22.128479
24.214665
22.248037
22.059491
11.527273
22.128479
1.156233
14.324596
14.324596
4.137959
4.137959
4.137959
11.609733
14.324596
11.907385
24.214665
24.172547
24.373151
15.822515
22.128479
1.675073
1.876464
22.059491
4.208315
1.89901
1.156233
1.156233
10.530605
11.83811
2.447022
14.324596
14.324596
14.324596
14.324596
14.324596
1.156233
3.003874
22.059491
1.735729
22.059491
22.128479
22.020962
6.321481
22.059491
1.735729
6.245357
11.78395
14.15165
14.324596
14.324596
7.783123
4.137959
4.137959
4.137959
4.137959
4.137959
4.137959
4.137959
4.137959
4.137959
4.137959
4.137959
4.137959
12.546068
14.324596
15.42159
8.013605
11.920076
24.188686
23.119824
2.342821
25.30539
1.550842
24.214665
23.61381
1.669055
12.555605
22.632758
9.029666
1.539804
12.277668
8.805711
3.491237
1.975806
1.975806
14.043236
5.245657
14.324596
4.137959
4.137959
14.324596
4.137959
4.137959
4.137959
13.218513
14.324596
5.989346
1.901874
1.735729
22.059491
1.735729
22.128479
8.406431
22.128479
7.093504
1.539804
1.896491
14.798365
22.059491
7.50266
9.600841
1.735729
6.653788
2.834854
4.137959
14.324596
4.137959
14.324596
14.324596
14.324596
4.137959
4.137959
4.137959
4.137959
12.55594
4.137959
4.137959
4.137959
4.137959
4.137959
14.324596
4.137959
23.758169
4.244334
12.009572
4.137959
4.137959
4.137959
4.137959
4.137959
4.137959
4.137959
4.137959
14.324596
1.876464
10.594876
22.128479
7.463698
22.128479
22.059491
1.975806
1.156233
22.13973
14.324596
1.975806
1.975806
7.64083
1.975806
1.876464
16.032139
22.059525
1.724691
19.183338
3.51008
1.898393
22.300665
16.971158
1.724691
1.821274
1.821274
10.063144
18.626473
2.342821
9.853417
23.956304
2.77043
1.724691
4.264617
23.599473
1.724691
1.690357
22.059491
11.91935
1.975806
14.324596
14.324596
14.324596
4.137959
4.137959
4.137959
4.137959
4.137959
4.137959
8.687695
4.137959
22.128479
22.059491
22.059491
1.156233
9.263914
24.491894
2.543941
2.342821
13.771955
2.493001
17.781393
21.000209
1.876464
1.876464
22.128479
1.724691
10.316334
2.342821
24.572095
11.222911
2.342821
24.214665
22.059491
2.342821
2.342821
19.250697
2.342821
7.011382
25.106595
14.760712
19.309137
1.724691
12.375773
1.669055
19.20256
2.342821
1.539804
22.128479
6.60502
24.25365
1.757087
14.043236
2.010056
3.109561
11.92244
22.059491
7.239791
10.087258
14.324596
14.324596
13.760319
14.324596
14.324596
14.324596
12.163681
1.975806
1.156233
1.975806
1.156233
1.156233
11.437443
1.975806
6.004692
14.324596
1.975806
23.845138
24.462558
7.338106
2.988016
14.15165
14.324596
24.511248
14.324596
14.324596
14.324596
1.975806
1.735729
4.650353
10.516598
6.669377
1.156233
14.324596
14.324596
25.128073
4.137959
4.137959
4.137959
4.137959
7.042233
14.324596
15.753906
1.975806
4.286878
22.128479
5.296193
6.971575
1.550842
1.963047
22.128479
22.128479
22.128479
24.214665
1.821274
21.531426
22.057657
11.527273
3.109561
22.128479
22.128479
1.563879
24.214665
1.876464
16.200962
1.876464
1.876464
22.059491
2.001777
22.059491
6.568905
1.156233
6.753105
1.156233
14.324596
14.324596
1.156233
14.23952
1.975806
7.42847
2.448757
13.450127
1.876464
3.187459
27.531058
19.877321
22.059491
1.876464
1.876464
22.128479
1.724691
9.171136
3.960218
21.656108
7.687554
8.084011
20.852759
14.042584
24.44237
2.342821
17.45975
12.265837
10.644164
18.705598
24.637201
6.642131
19.220759
18.759125
25.479859
23.351801
5.813057
12.532801
22.445082
12.344657
7.153726
2.34558
19.572134
8.427033
27.227439
8.14331
2.342821
2.342821
9.071821
1.976473
9.916392
2.34558
18.310511
0.485482
4.58029
7.687918
7.598621
7.374955
25.784859
4.634844
5.541151
23.470252
25.4885
18.701586
1.58125
12.474049
1.177012
10.14398
22.183296
11.879282
22.001541
1.20337
4.863575
12.629224
13.279516
1.625252
24.353876
2.342821
21.314407
3.034082
10.453698
7.318381
24.284528
1.092545
23.617746
2.342821
1.821274
10.845879
23.846869
22.059491
1.975806
2.256942
1.156233
1.975806
1.876464
22.955797
2.342821
14.325568
12.436134
17.637949
3.032332
19.129954
22.200625
1.171291
24.569918
12.735571
7.672174
11.6436
23.871121
1.828441
21.775262
2.342821
2.342821
22.100728
23.936394
2.047839
7.618996
1.828441
2.342821
2.137648
1.463689
13.597028
2.34558
2.24147
9.254042
25.170437
1.952613
2.809549
24.340854
2.089185
2.342821
3.560341
1.550842
16.322077
22.128479
1.821274
1.909354
1.539804
1.821274
13.713546
2.342821
2.342821
2.342821
2.131473
1.539804
24.331991
18.68901
3.696468
11.727162
7.105453
1.583669
6.91249
24.214665
16.87689
24.473624
16.467201
1.643944
6.991768
4.304433
10.287033
4.22456
2.342821
2.342821
7.262749
21.393987
23.079091
24.726021
1.821274
22.128479
22.937542
1.975806
22.070529
1.156233
24.493955
8.406431
1.876464
22.059491
22.128479
15.223432
19.201124
15.754679
22.885373
17.424429
22.501381
11.738668
23.763423
13.670833
12.478166
4.752816
24.114624
1.876464
24.469163
4.009357
2.342821
2.342821
18.09168
23.763423
18.407844
18.311679
22.371424
24.123963
7.297618
7.904863
2.342821
1.724691
13.436917
10.082145
21.95463
14.226572
0.984331
1.55205
13.344628
23.447302
9.263902
17.964379
2.101245
1.720891
10.631163
2.422415
1.876464
22.128479
22.128479
1.885298
3.678521
2.342821
14.12436
13.504544
13.697855
22.095365
24.84421
7.35568
13.724444
18.0802
25.25434
8.036267
19.356058
7.690959
22.128479
22.128479
22.128479
22.128479
2.794365
22.059491
25.594769
12.87631
14.324596
1.975806
24.314271
8.111774
22.128479
1.889899
1.876464
1.69605
14.533308
2.228923
22.059491
1.156233
1.156233
1.156233
1.156233
1.156233
6.561928
24.168653
1.735729
1.156233
14.324596
14.324596
14.324596
14.324596
13.79041
1.902483
13.912981
1.975806
14.324596
14.324596
14.324596
4.137959
4.137959
4.137959
14.324596
4.137959
4.137959
4.137959
4.137959
4.137959
4.137959
12.61981
4.137959
10.178095
4.137959
7.700994
4.137959
7.415832
4.137959
7.415832
7.415832
7.415832
7.415832
4.137959
4.137959
4.137959
14.324596
14.324596
19.264967
21.499287
9.925081
2.342821
15.422066
6.667095
21.870556
2.342821
7.635896
1.821274
19.142429
7.605439
25.734546
22.059491
18.54567
1.876464
1.550842
2.052569
22.059491
22.05989
1.876464
1.975806
22.128479
1.156233
22.074256
3.34966
1.156233
4.137959
4.137959
14.361068
22.059491
6.921739
3.029546
22.095365
22.095365
19.337568
21.658719
10.02409
22.095365
22.095365
12.203785
16.106655
10.849326
6.275277
21.944294
9.865561
1.035706
17.471299
2.342821
2.342821
14.720624
21.648325
21.827181
3.744405
21.915997
2.737085
0.0
12.176671
1.821274
1.904406
21.212443
25.351582
10.423015
7.687554
19.259386
2.076232
2.342821
25.764682
2.342821
17.906272
2.342821
4.581537
0.0
1.983421
21.503459
22.095365
21.915997
21.915997
16.280133
21.752555
21.827181
17.350628
4.282201
22.733945
19.47008
7.87839
4.092664
1.95499
22.128479
23.921136
24.214665
5.889707
17.480223
20.950802
7.190402
0.0
22.187544
25.589782
21.915997
21.915997
21.915997
22.291783
16.913861
1.862078
25.349172
9.377178
24.156509
3.909993
4.462475
1.975806
4.424606
10.600935
4.50129
8.755455
20.288868
22.06882
7.278266
8.854862
25.158275
22.082247
19.093314
2.482573
4.348112
2.342821
1.724691
24.214665
22.059491
1.735729
8.523434
4.137959
4.137959
4.137959
4.137959
4.137959
14.324596
22.059491
1.975806
14.324596
14.324596
2.792504
22.059491
14.324596
22.095171
14.324596
1.735729
1.975806
14.324596
4.137959
4.137959
4.137959
12.543905
14.324596
4.137959
4.137959
4.137959
14.324596
14.324596
4.137959
4.137959
4.137959
4.137959
4.137959
4.137959
2.730466
1.975806
1.156233
14.324596
4.137959
11.979016
2.819266
22.059491
1.156233
1.975806
14.324596
14.324596
1.156233
11.741543
1.252853
10.449606
5.163718
16.477685
4.391464
21.827181
21.915997
22.095365
22.095365
22.095365
22.095365
9.860739
25.094668
9.743494
18.697149
3.3558
2.342821
1.539804
5.014907
1.724691
11.673121
25.170437
20.195573
7.039884
9.569008
0.0
22.095365
21.915997
21.915997
21.915997
22.095365
22.039629
4.040119
22.894687
24.739082
21.201904
2.155899
2.074536
2.342821
17.098649
6.697903
10.584923
5.577164
6.541809
1.539804
1.724691
2.342821
12.169493
7.266238
21.903744
14.679875
21.901384
3.812572
4.486498
2.34558
5.889707
22.059491
14.054386
4.137959
4.137959
4.137959
4.137959
4.137959
23.591017
1.156233
12.882691
1.156233
5.87313
22.128479
22.128479
6.169576
7.42847
22.128479
24.65107
3.466355
21.685651
21.191841
5.127417
18.050062
1.087633
8.690142
1.752963
22.128479
2.219898
1.807911
1.539804
22.080224
1.598217
1.821274
2.342821
1.41138
23.890764
0.0
7.000869
25.781694
1.329434
1.610873
2.047839
22.128479
1.975806
4.137959
13.3201
4.137959
4.137959
4.137959
7.415832
7.415832
7.415832
4.137959
14.272641
2.342821
6.890798
5.731862
7.515792
22.095365
21.915997
21.915997
21.915997
21.915997
4.428815
0.0
7.360031
7.927418
12.375773
2.45872
22.128479
1.550591
1.775388
1.550842
20.485892
22.139823
7.862226
0.582361
15.951593
13.257739
8.103462
21.915997
6.277213
21.827181
8.578088
14.895472
15.029498
21.827181
0.0
11.372953
24.222491
24.188686
2.34558
2.342821
7.372396
1.906406
0.0
21.915997
21.915997
11.973569
7.415832
7.415832
21.915997
0.0
21.109716
2.213938
1.876464
7.879793
2.342821
2.342821
22.0991
2.911672
16.301597
4.027792
21.882219
21.915997
21.915997
22.095365
21.827181
19.773733
21.915997
21.915997
21.915997
21.915997
21.915997
3.260544
23.158152
19.636252
22.338175
21.827181
0.0
0.0
8.541107
22.469102
0.0
22.095365
22.095365
23.825821
20.193337
7.913788
19.705617
7.880175
2.34558
2.34558
10.063144
1.866202
24.073552
25.365245
10.79452
7.160287
22.126265
0.0
0.0
1.910346
0.0
16.053294
0.0
22.095365
22.095365
6.533193
21.827181
12.177556
7.694327
14.015531
19.156822
2.34558
14.564085
22.128479
22.128479
22.047111
7.372396
1.053177
8.19084
1.538411
14.056319
3.12084
1.876464
1.735729
1.975806
14.324596
4.137959
4.137959
4.137959
4.137959
4.137959
7.513538
1.876464
25.55646
19.857497
17.150767
22.128479
10.108449
22.128479
7.676296
22.128479
22.059491
1.735729
11.514006
7.754209
1.975806
22.059491
22.059491
22.059491
22.059491
24.101166
6.565725
4.286878
1.625932
22.128479
22.059491
1.975806
1.156233
6.534128
24.503456
3.823035
14.324596
4.137959
4.137959
12.163681
14.324596
12.989959
5.727663
24.508993
1.735729
23.833352
22.128479
1.805833
4.22456
1.821274
22.128479
20.581961
23.848682
23.098674
23.810685
1.724691
19.261576
7.08594
11.549432
4.137959
4.137959
4.137959
4.137959
4.137959
4.137959
2.492523
4.137959
3.086823
25.938612
7.747173
19.077223
5.31703
7.100128
10.005286
0.934086
1.91522
7.657769
18.24071
22.179743
4.908894
22.001541
1.370026
7.357884
9.053959
5.557091
25.350459
22.341988
16.572893
7.626884
19.261633
8.216666
18.603293
7.211807
22.940267
9.359455
23.826556
9.273542
15.768657
24.487515
19.865402
10.627955
0.0
3.573809
21.81304
21.797442
6.784236
1.147657
0.0
21.971179
8.429772
23.076276
5.092624
21.347388
24.647036
2.745673
14.072496
21.795523
2.342821
2.342821
17.779133
24.208407
2.342821
2.092248
7.589437
8.742316
24.649688
2.316159
2.342821
1.304849
1.345909
9.263902
1.783678
23.800628
3.737335
2.34558
2.509575
12.508579
25.429261
2.84962
2.342821
2.342821
23.325034
18.09168
2.342821
1.018645
4.955894
1.550842
1.517044
25.696007
22.128479
15.861554
22.128479
22.128479
1.876464
17.007117
1.876464
14.255815
2.342821
2.342821
7.229699
25.723237
4.22456
10.321305
1.821274
2.34558
25.14729
7.885967
17.384893
6.792929
13.724752
2.342821
2.342821
2.342821
6.667095
1.19418
23.285303
1.459532
1.115044
1.523247
25.72661
17.746927
1.821274
1.889748
9.178716
6.956937
19.21816
4.641741
17.591133
5.527834
4.439204
9.527801
1.491467
18.517884
22.001541
8.28538
22.434986
2.34558
11.62433
18.626697
2.34558
10.909527
14.16468
25.350982
20.266019
10.884614
22.222814
7.912418
5.59518
22.089765
16.803293
5.417866
4.702251
4.61176
8.028973
23.285303
24.554941
21.06612
9.662152
4.707528
18.76561
9.372347
23.800628
21.314437
1.821274
5.997759
1.773027
1.876464
1.975806
1.735729
21.232377
10.49821
10.524877
22.128479
22.128479
2.356555
24.156509
6.684096
10.541129
1.975806
14.324596
4.137959
14.571859
4.137959
4.137959
4.137959
4.137959
4.137959
14.324596
6.412264
1.975806
9.595414
22.059491
6.453905
1.876464
22.059491
1.156233
14.324596
11.650229
4.137959
4.137959
4.137959
4.137959
4.137959
4.137959
4.137959
10.178103
13.661445
2.753112
24.562494
24.182674
1.821274
2.342821
14.182414
21.948298
14.012516
12.047041
13.387088
3.178238
21.827181
1.856955
21.969223
22.472488
6.102167
5.670432
18.991159
22.072084
6.594318
22.100133
5.920721
24.338816
7.832059
25.37457
9.265803
7.254064
0.0
6.563754
5.596337
21.543484
22.095365
21.827181
22.754522
22.081898
0.0
21.682866
16.718605
7.526337
22.383163
1.084072
2.342821
12.363364
2.342821
10.142844
1.821274
2.342821
2.342821
1.539804
1.539804
24.214665
1.724691
27.227439
23.925939
0.541998
9.301712
21.905456
21.265487
25.776591
6.468145
9.521944
8.712012
23.337295
9.716198
2.342821
2.342821
2.771086
22.227954
4.766401
2.342821
2.342821
22.004645
1.004987
10.944201
2.34558
14.872498
21.26462
24.633293
7.159972
24.496956
4.652247
9.04329
20.125793
18.877139
25.363135
26.577363
21.929192
0.462314
0.0
4.998643
14.796612
7.948797
7.233773
1.490438
2.104897
22.15829
10.138296
0.873243
23.517939
11.303124
9.108188
1.724691
24.388156
22.172528
22.128479
7.105453
12.198615
1.975806
7.093504
24.050969
1.33828
13.643512
17.914144
5.104171
3.945712
0.0
7.931637
3.143919
4.903981
10.226782
20.977646
25.781534
22.287783
9.380538
22.001541
14.525725
2.342821
18.730873
22.592576
14.043441
19.156491
6.397641
24.686541
3.249708
22.732494
7.690743
22.243042
8.799786
5.245621
0.0
24.601887
15.018138
17.425548
1.141395
3.993915
19.21816
2.342821
2.342821
2.342821
23.694897
2.493001
24.326055
24.418135
2.342821
1.688001
1.539804
3.493262
1.876464
1.975806
1.156233
13.111594
14.324596
14.324596
23.802484
14.324596
4.137959
4.137959
4.137959
4.137959
4.137959
11.131459
4.137959
4.137959
4.137959
7.51733
4.137959
7.415832
4.137959
4.137959
14.324596
4.137959
1.876464
26.996247
5.185815
0.0
22.651449
4.817507
1.810411
25.389079
7.976186
23.826625
12.448589
22.010712
5.679042
7.651884
24.439985
5.31703
14.048854
12.075839
5.291869
0.0
21.839981
21.915997
21.915997
21.915997
21.915997
21.915997
21.915997
4.556976
22.095365
21.672332
0.561963
8.18912
3.538082
0.0
21.832183
1.566843
22.562998
22.095365
22.021439
21.667285
21.915997
21.915997
21.915997
23.55405
15.499036
21.498944
15.404506
0.0
0.992156
22.089765
24.225739
25.118502
11.051829
21.915997
21.915997
21.915997
21.915997
21.915997
21.915997
21.915997
21.915997
22.095365
6.956743
14.265285
4.522967
22.712352
4.48983
19.365124
1.194378
8.521986
2.091002
2.135057
7.47658
8.909721
5.507841
20.863474
10.400264
21.314424
21.311534
21.259777
2.342821
10.441391
20.276661
1.861613
2.342821
2.342821
19.310211
1.724691
1.539804
2.422415
1.58538
5.776953
12.51436
22.128479
24.598459
6.401269
12.344093
27.15459
7.792586
24.709582
14.36084
9.406353
18.817896
6.749106
14.003072
24.456621
9.881791
16.295174
25.452958
21.565654
11.992683
4.936565
10.716991
25.114977
21.662681
25.974337
22.001541
11.478108
22.127981
22.102696
5.59518
0.0
17.317434
22.699696
11.79333
6.467751
7.19458
24.613958
22.101656
6.630068
23.115671
22.768663
22.095365
22.095365
22.095365
21.915997
22.095365
22.095365
21.827181
2.023928
22.095365
0.0
0.0
0.0
4.583106
22.069559
6.939286
8.602006
21.780539
2.844083
0.0
1.242995
6.995684
11.474466
8.339002
7.965139
6.262153
19.129954
11.615039
8.703659
1.225301
8.731077
7.512309
22.938023
7.478475
7.702874
28.106527
8.492708
23.646115
21.513832
5.016715
22.001541
21.012418
13.030614
22.964618
12.532801
21.576577
2.34131
22.047725
6.262153
24.079622
6.401349
14.044977
14.467501
7.859951
2.342821
1.755121
24.647036
9.440876
2.902483
25.349172
2.342821
2.342821
22.284992
5.024095
7.062324
0.0
2.34558
2.663779
20.775571
2.342821
15.456647
1.669055
1.918396
22.128479
1.975806
6.577332
1.865447
1.876464
22.128479
1.724691
22.792337
8.975366
21.629271
8.658131
6.822255
6.081924
9.457969
22.778922
17.379249
2.342821
21.577532
7.297472
13.496755
14.912262
19.469585
0.0
3.755997
0.702724
6.349283
2.342821
2.342821
10.523962
1.619598
3.433576
7.842516
2.564792
9.581008
20.863474
10.346398
1.894764
20.751848
13.785027
2.342821
1.658112
1.539804
21.85059
4.22456
21.870556
1.539804
1.821274
2.342821
2.342821
15.146304
2.114078
14.307406
4.50129
9.270453
1.821274
16.306847
1.539804
9.49822
22.128479
1.905156
22.128479
1.876464
24.157013
1.975806
1.975806
1.356024
14.185296
22.86119
21.784052
7.959217
7.211807
21.696124
21.696124
21.804916
4.998643
21.582099
12.3457
7.383629
12.701784
22.356997
6.549788
0.0
6.786696
1.22898
23.273325
6.41599
9.688194
23.215724
19.169056
16.359127
6.900599
7.715564
10.558928
2.005696
2.07506
13.404546
21.963172
23.788204
7.885967
17.895392
20.486931
2.342821
2.342821
2.34558
14.024734
7.116567
19.256604
0.464123
7.844329
9.003501
1.006578
8.845361
22.001541
4.864892
25.56703
2.342821
23.614392
2.342821
2.342821
2.342821
10.601993
9.218072
9.56814
0.851728
2.34558
2.342821
8.420835
22.195767
24.372315
21.745117
22.365943
3.807535
0.0
17.949979
22.095365
14.092797
2.564499
24.1963
0.0
7.151289
14.269953
21.545767
14.113194
1.693846
20.288868
0.0
16.901068
2.90672
22.716067
1.211957
7.912418
21.830777
2.3292
24.279584
5.497316
12.110595
8.941606
2.342821
0.889279
19.093314
24.135449
4.418292
19.290832
2.147749
8.223328
5.146137
23.988111
5.005744
9.588774
1.821274
4.153944
18.986405
0.966655
10.162687
7.885254
25.778043
22.269798
0.851728
22.017047
23.611177
10.620688
6.880541
22.128479
22.128479
1.724691
24.319545
2.342821
6.999286
5.868323
1.130543
20.960698
15.646528
1.208676
22.095365
22.095365
4.460619
26.444679
21.827181
21.513109
19.471353
21.827181
2.714303
7.088705
5.90157
0.339718
18.898333
25.17531
24.33718
25.95667
21.827181
1.979026
0.562576
18.319982
26.460903
5.313894
9.976773
14.283581
24.506809
1.703049
22.651449
16.720989
13.606956
22.252656
1.398888
21.648325
18.008593
19.173048
25.500592
27.039336
25.069451
12.506584
7.59206
26.836196
22.001541
25.226438
7.067008
0.902078
1.148387
2.34558
10.49545
22.001541
1.492272
14.122085
6.689141
8.042502
10.317093
22.490424
7.297472
10.385646
21.556279
5.806603
12.323954
10.849326
4.359262
6.946618
1.140595
2.34558
24.686541
4.962977
8.036267
8.097909
2.342821
2.342821
2.342821
2.062363
2.342821
24.37739
21.314437
13.079483
8.980863
9.482829
4.481224
11.735444
7.160961
2.332633
9.14035
18.123405
25.348822
8.892979
8.888313
22.001541
1.5613
12.663844
10.821263
2.34558
12.176671
23.920764
2.34558
2.342821
4.029001
2.342821
1.724691
1.821274
19.108832
22.128479
16.584022
24.214665
1.821274
2.422405
24.340299
1.821274
1.724691
22.096718
14.869261
22.959327
22.340038
1.876464
22.059491
22.12952
14.145106
8.406431
22.128479
22.059491
10.92721
17.676774
22.128479
24.469163
1.757621
1.876464
22.059491
1.156233
14.324596
14.324596
14.324596
14.324596
14.324596
14.324596
14.324596
10.566865
14.324596
7.273898
4.588427
2.342821
2.342821
14.328395
19.030293
2.342821
17.150452
2.931031
2.34558
24.535197
14.065142
17.373103
0.638425
7.920342
16.538429
22.199905
10.503475
9.885354
1.529211
12.54598
8.32854
14.467501
12.152822
8.9631
7.718706
22.768401
25.39053
27.039336
3.919305
23.863458
12.629224
2.885209
15.158004
16.538429
9.23812
2.342821
19.153479
3.392894
2.342821
12.408869
2.342821
12.265837
2.342821
2.342821
24.469783
22.318806
21.042339
3.23908
2.342821
16.41814
1.724691
2.342821
5.470017
2.342821
22.321644
1.724691
2.342821
10.360106
13.720722
1.539804
1.876464
1.795491
10.493615
7.124843
22.059491
27.691932
2.206459
1.289704
7.095327
22.001541
22.047725
7.778948
27.898606
0.643808
10.543147
6.016867
8.305161
22.758952
20.221202
5.448196
8.039566
1.155905
1.314394
2.342821
2.342821
1.75425
2.342821
2.342821
10.523962
21.854736
24.615343
12.2757
1.796812
2.809549
1.724691
22.24878
24.049276
24.214665
1.876464
2.603188
7.317503
1.876464
22.128479
14.223731
6.903184
22.128479
1.772667
22.128479
1.724691
15.368996
1.93242
13.724752
24.348179
10.643563
0.668828
10.592608
2.450447
9.071821
2.342821
2.3835
10.395017
2.45872
22.128479
1.812734
22.128479
22.128479
1.550842
1.821274
24.023249
2.342821
2.342821
10.851316
24.167729
2.874273
6.366494
24.18095
24.607046
22.199905
19.639989
24.513267
7.810034
21.809158
2.342821
13.203253
2.34558
10.645881
2.801551
23.614392
1.821274
5.708245
1.559395
1.803827
1.904406
1.821274
19.199257
1.821274
25.562934
27.986624
10.3989
3.225804
1.876464
7.174956
3.712924
22.128479
15.141811
1.876464
1.876464
22.059491
1.156233
1.975806
14.324596
1.975806
1.156233
14.324596
14.324596
14.324596
14.324596
14.324596
14.324596
14.324596
4.137959
4.137959
4.137959
5.245657
1.724691
2.82407
22.001541
12.370154
8.372755
8.435644
0.415817
11.698302
4.414407
16.348094
7.802124
13.964109
2.851841
7.318381
22.443873
0.0
21.815488
6.278637
21.910621
16.843719
6.215716
22.442888
21.910621
21.933271
7.649791
4.706804
13.625532
4.721608
8.170183
3.539044
22.690485
22.095365
2.061346
21.827181
2.829017
13.935726
6.19235
0.0
0.0
21.827181
25.574784
22.095365
5.539794
9.809859
15.809041
23.690183
0.0
12.118826
24.801915
3.771623
25.323872
9.066781
21.190559
8.435644
22.244373
22.904238
22.062236
2.90633
22.338201
21.513832
7.849894
24.686541
2.395081
4.495888
0.429601
1.638134
10.506917
21.495466
23.983204
1.41138
7.415348
21.984116
1.767674
3.621201
15.954062
8.267075
7.106291
2.34558
2.34558
7.78541
1.958556
1.724691
10.641099
24.388859
1.821274
1.821274
1.539804
23.091813
9.704993
23.810685
4.958159
1.724691
1.724691
12.408869
25.459672
6.231585
10.022382
24.335867
17.258018
23.864792
21.437449
1.876464
1.876464
22.128479
10.612107
22.128479
22.128479
22.128479
4.427993
1.724691
1.724691
1.724691
9.301712
1.158993
24.413499
22.768401
1.603054
10.030821
21.648325
16.121262
12.010455
5.285629
0.0
1.898408
2.342821
24.143511
3.565282
22.025679
1.805459
2.342821
1.550842
1.539804
13.23264
23.920764
7.605809
20.281935
1.821274
1.821274
28.016352
2.342821
23.218194
8.881177
4.706804
0.739203
14.032928
17.964379
1.360437
9.975841
14.051149
9.985622
11.938432
21.258208
9.40272
24.079622
14.585077
16.049456
2.166306
14.080643
2.973947
3.561812
22.143794
22.095365
22.095365
23.509069
22.095365
4.338043
22.053875
4.878833
25.734168
7.647016
18.814471
18.583012
21.878671
8.124354
7.947275
2.231898
12.315986
0.544781
22.883544
20.624977
22.1706
21.370079
3.843629
10.591588
7.365597
9.633435
21.208174
0.760592
1.473223
6.957311
8.684563
13.606956
12.399024
9.236219
7.914689
2.468224
1.523247
1.453526
2.342821
10.367902
1.289704
4.766401
10.127035
2.342821
2.763837
21.62555
22.128479
2.007313
22.059491
14.216765
1.156233
14.324596
1.156233
14.324596
14.324596
23.591017
4.137959
14.324596
14.324596
4.137959
14.324596
14.324596
9.065112
1.975806
24.428271
14.324596
25.128073
11.610579
4.137959
4.137959
4.137959
7.415832
4.137959
4.137959
13.938265
22.128479
1.724691
2.342821
11.507434
25.37457
22.883609
2.34558
8.643421
2.342821
14.53826
0.846714
1.843987
22.017184
14.48907
2.342821
2.605951
1.351576
1.625252
18.24071
7.795583
24.656229
2.369571
24.633202
7.890403
1.834837
7.59994
4.237474
25.227329
2.342821
14.054938
2.342821
7.728001
2.0339
10.248111
19.537763
3.875876
0.86569
25.122812
3.119252
5.601304
23.662072
1.550842
2.014236
11.68016
4.2547
1.876464
1.821274
1.724691
14.222402
1.974708
24.214665
22.128479
1.876464
1.876464
22.128479
1.975806
22.059491
13.522606
5.658901
0.0
16.363859
21.827181
1.734747
21.915997
21.915997
21.915997
7.081629
21.670403
7.885254
22.234744
4.632252
1.916422
21.8978
9.738037
1.156233
23.620033
1.724691
22.17625
13.425259
21.451052
10.620682
1.619251
7.566868
16.534768
12.3457
2.342821
12.630949
11.501871
24.074848
22.059491
1.876464
1.876464
13.951017
21.434586
1.821274
22.128479
2.342821
14.951867
22.128479
22.128479
1.156233
10.546491
1.975806
2.50808
3.452511
1.876464
4.633944
2.24147
7.672174
6.304624
0.0
21.35348
13.018755
7.723794
18.183485
19.093314
24.710232
2.419547
2.324172
1.295861
2.342821
1.714423
25.370438
12.481337
7.914259
21.452214
22.440544
19.553545
1.096184
6.110667
7.440076
3.001373
21.526906
25.403704
21.2928
16.090679
21.827181
7.142997
0.0
16.893847
11.980102
26.870268
24.284528
17.677923
6.633518
10.645881
9.853417
0.696815
22.514932
24.135144
4.691774
23.654485
19.074172
25.14471
1.81885
22.128479
22.059491
1.975806
4.126404
14.324596
7.314727
22.059491
1.156233
1.876464
12.532379
2.023078
9.969264
5.532552
9.41128
7.156206
9.544288
18.201636
24.090845
4.260208
1.975806
1.735729
14.324596
1.156233
1.156233
14.055272
12.838248
4.137959
14.324596
11.581692
14.324596
14.324596
14.324596
1.156233
1.975806
1.539804
22.095365
22.327641
9.633435
7.998338
5.192199
8.548508
1.765092
22.345491
19.705617
6.304624
14.183639
21.827181
22.095365
12.706509
21.915997
21.915997
0.0
9.062293
8.570246
0.560798
14.763004
23.080705
19.439272
2.342821
6.193792
9.588774
2.342821
10.392971
22.001541
0.66907
22.472488
21.915997
1.978566
7.415832
7.415832
7.415832
7.415832
21.915997
21.915997
21.915997
21.79212
22.198197
20.223178
1.261421
19.180788
22.128479
22.059491
22.059491
3.652821
1.876464
2.837424
0.476216
21.827181
7.408824
4.986479
21.49985
9.976773
7.641413
7.794978
22.128479
23.38826
22.128479
6.60502
7.229699
21.490977
12.933968
4.9417
21.915997
21.915997
3.248337
10.226782
0.0
20.863276
5.016715
2.183557
1.853687
24.06213
10.869883
5.695652
25.355096
0.0
4.803843
0.0
10.695979
21.907355
1.061274
0.794154
5.809946
2.777788
22.128479
1.559121
1.821274
1.978932
2.124301
1.712242
10.308814
23.635931
2.872433
2.342821
2.342821
15.969858
13.409828
8.319102
22.123117
6.642131
2.342821
14.054938
25.243898
14.137761
9.69775
21.725591
22.537371
5.543416
19.10098
21.637386
21.915997
22.095365
22.095365
1.385763
20.41612
10.609431
2.114591
6.867818
0.0
7.287279
22.786034
21.827181
22.095365
21.915997
21.915997
21.915997
25.959562
0.0
13.745561
21.871095
7.589437
9.712788
0.0
22.448271
0.0
13.620231
22.049374
3.582695
0.0
17.945885
22.001541
23.337295
5.205502
21.194606
0.0
2.798139
19.916386
2.061346
0.0
7.540583
7.204651
7.247796
21.503214
8.367383
5.352528
23.517939
13.341899
5.655088
14.763004
2.687908
22.026356
7.63418
9.40272
2.057783
22.890136
2.342821
2.34558
7.585692
2.089185
25.996996
1.724691
4.22456
1.550842
22.128479
24.171031
22.128479
1.975806
14.324596
1.232081
14.324596
14.324596
22.095365
12.394161
2.166306
5.017022
0.0
17.654949
22.095365
22.095365
22.047675
0.0
23.504442
22.724725
21.547019
21.915997
22.095365
22.095365
21.756327
0.0
22.1496
0.0
21.930399
22.095365
21.915997
21.915997
1.978566
7.415832
11.973569
11.973569
1.978566
21.915997
21.915997
21.915997
21.915997
21.915997
22.095365
13.64033
25.759545
19.660117
22.095365
3.159674
0.944049
21.969849
7.278266
10.515698
23.569777
19.228667
2.342821
2.342821
1.724691
20.035386
14.04598
27.937178
21.855464
1.212312
22.433047
5.3087
1.84647
17.053752
8.258528
21.827181
21.390246
21.816225
21.827181
22.095365
22.095365
22.095365
22.095365
22.095365
21.904546
21.827181
21.827181
3.660794
22.345972
5.62922
6.892287
23.768318
9.660635
22.679247
5.3087
0.477166
3.838473
9.684219
7.606319
21.510123
0.0
21.720144
14.134204
21.658719
22.458989
15.907139
3.806548
0.630262
24.42775
21.83681
22.577154
21.943253
5.234432
21.902199
25.421837
21.741217
26.447106
24.049149
22.095365
6.746599
22.095365
22.095365
22.095365
21.915997
21.570303
21.827181
21.976548
21.827181
22.187544
22.095365
22.095365
22.856302
5.281717
21.328976
0.0
21.2928
12.083891
13.729253
6.030803
24.021961
13.723654
5.687284
4.416833
23.336051
0.0
0.0
1.783837
24.871328
21.827181
11.01462
4.920114
2.647751
10.537024
22.861597
21.915997
21.915997
21.915997
21.827181
21.920485
22.417264
11.957097
12.370154
21.513832
14.39107
13.894421
9.196102
19.069336
5.234175
2.091002
24.506809
23.628502
2.342821
2.143123
24.337218
2.342821
12.348058
13.719697
10.134272
2.137648
0.733563
10.27332
9.567935
2.342821
22.041698
2.342821
3.007872
1.539804
12.51436
1.550842
2.14173
22.128479
14.14628
1.975806
1.156233
22.064431
1.975806
17.395267
6.07557
22.128479
2.342821
7.974539
24.395583
24.466078
16.873877
8.079083
7.89104
1.847672
25.944191
9.696431
7.150966
9.327622
22.128479
24.447363
10.454082
4.349721
2.342821
10.371044
4.075684
0.0
18.95546
21.915997
23.936493
21.915997
7.415832
7.415832
7.415832
7.415832
7.415832
7.415832
7.415832
21.915997
21.915997
10.462649
2.893396
1.918543
7.802658
4.137959
11.484927
4.137959
7.830161
2.089185
2.166926
7.415832
7.415832
7.415832
7.415832
7.415832
11.973569
9.93636
1.724691
1.156233
4.137959
8.333945
23.870168
6.027865
6.10856
21.513618
14.263926
21.915997
21.915997
22.095365
10.525352
4.031284
21.513876
3.821405
4.898921
24.427495
22.095365
22.095365
21.515868
0.0
18.221703
2.910243
19.006527
7.792882
17.333616
13.904195
22.095365
11.051829
18.035701
22.095365
21.827181
20.484872
21.42603
2.844629
14.324596
4.137959
4.137959
14.324596
14.324596
14.324596
14.324596
1.735729
21.401829
1.534062
22.059491
1.735729
1.975806
1.735729
1.156233
1.156233
4.30055
1.735729
5.93473
14.324596
12.564634
16.163889
2.534907
22.128479
1.821274
6.141296
1.112663
24.655493
24.425899
8.658131
1.964635
7.616175
0.902246
24.330114
2.149592
8.909721
20.358638
26.460903
5.6926
22.095365
22.095365
22.095365
8.73078
23.06917
10.081814
22.073189
22.514593
0.774268
0.0
0.0
4.085498
0.652403
7.778029
21.682433
23.350538
6.124666
24.365526
10.026185
22.944365
2.342821
2.342821
15.368996
2.342821
23.368977
2.342821
19.481728
22.128479
22.128479
1.876464
22.059491
22.059491
5.024955
25.172273
18.572013
10.525352
3.561812
5.667376
22.187293
1.994421
26.026723
8.394369
22.04826
22.879416
21.577063
17.380602
15.649289
0.649089
21.827181
22.095365
21.915997
21.915997
22.095365
19.106849
4.980783
22.953103
24.123963
1.719386
1.97388
17.634092
2.342821
2.342821
6.633518
0.808773
23.585747
17.180684
2.342821
1.821274
1.876144
7.033949
9.196183
23.694897
6.958009
10.691583
6.322487
5.017905
1.839902
7.117999
1.876464
22.128479
1.975806
1.156233
14.324596
9.171697
14.324596
12.78652
24.214665
2.342821
1.492453
2.342821
1.821274
1.724691
2.342821
24.443704
2.342821
1.724691
1.829387
1.876464
22.128479
22.128479
18.09612
1.156233
1.975806
1.975806
1.975806
1.876464
12.494575
0.874739
0.0
21.827181
0.0
9.975841
1.218679
1.845259
1.221182
14.324596
4.137959
4.137959
18.79153
9.685993
9.375038
1.975806
3.623587
6.667095
2.342821
5.776953
22.128479
8.805711
22.128479
22.128479
22.059491
22.059491
11.064783
1.975806
1.156233
7.111777
4.137959
4.137959
9.457169
4.137959
4.137959
4.137959
4.137959
4.137959
11.241376
1.975806
1.975806
1.156233
1.156233
2.111399
4.137959
4.137959
13.811328
1.876464
22.128479
1.821274
1.214211
14.028645
1.876464
16.469933
1.156233
14.552902
14.324596
14.324596
14.324596
14.324596
14.324596
14.324596
9.897348
6.07557
24.470439
1.870772
2.624669
13.76821
1.876464
25.731011
22.059491
22.059491
1.097591
1.539804
5.417633
22.128479
6.60502
14.222402
15.721192
23.111672
2.342821
2.342821
25.893383
7.225054
17.900915
23.170662
27.227439
13.406586
13.298414
5.082063
7.687076
18.29741
2.031067
2.342821
18.98278
1.876464
14.324596
1.156233
14.324596
14.324596
14.324596
14.324596
15.759658
22.128479
1.550842
1.724691
7.879793
1.876464
22.059491
6.552115
10.538502
24.443914
13.992825
22.128479
23.729663
1.876464
1.539804
22.267742
1.550842
17.395766
1.876464
9.010317
17.389369
1.975806
1.735729
1.975806
9.215256
1.821274
1.550842
6.056361
18.467136
1.735729
17.38702
12.429088
22.059491
19.649489
14.324596
3.798304
14.103007
22.059491
24.655593
14.308766
8.401134
28.034211
10.405039
1.876464
6.903184
1.876464
2.454437
22.128479
4.424606
1.330898
1.876464
22.059491
22.059491
23.908074
8.817391
2.342821
10.535906
1.409259
11.903688
19.093023
1.970437
7.585851
10.998051
4.781893
21.995675
19.523645
22.16905
10.400264
8.319102
13.951017
1.724691
22.128479
2.342821
2.342821
19.228667
0.886405
2.342821
1.821274
1.757621
22.128479
2.205525
22.059491
1.156233
4.137959
4.137959
14.324596
9.592457
4.137959
1.975806
22.059491
1.806637
22.128479
22.059491
1.156233
14.324596
1.18745
14.324596
4.137959
4.137959
14.324596
1.156233
5.392378
14.324596
14.324596
4.137959
14.324596
14.324596
8.24714
1.156233
22.128479
10.737726
2.342821
23.54018
24.572095
23.119824
2.342821
1.673174
14.017331
16.878281
1.876464
22.128479
22.128479
1.876464
1.876464
8.72548
22.128479
14.212629
1.876464
22.128479
1.724691
2.342821
2.342821
2.342821
23.340248
1.130468
9.937933
1.970437
2.973206
19.481728
22.128479
22.128479
1.876464
22.059491
25.513606
22.128479
24.214665
22.128479
1.554024
1.724691
4.564382
1.821274
1.821274
14.050329
22.128479
15.223432
1.754674
1.876464
1.876464
13.782883
13.937614
1.876464
3.82901
1.876464
1.876464
1.876464
2.284182
2.279166
25.729554
17.400358
24.214665
25.645912
21.833211
2.342821
1.821274
9.204657
6.942382
6.111203
21.450673
6.89914
1.596901
22.128479
23.748508
22.128479
1.821274
14.274438
22.017875
24.116095
12.32922
2.278629
2.342821
23.910323
2.342821
15.228129
13.559175
2.544563
1.130468
0.944587
3.932958
19.857497
2.342821
1.901226
22.128479
22.128479
14.185296
1.156233
22.059491
24.109396
13.982549
22.059491
1.876464
4.691981
25.543092
2.220804
20.729127
7.847449
2.342821
23.796214
15.193243
1.724691
22.128479
22.128479
7.466543
22.128479
2.342821
23.988111
9.318229
10.711377
22.001541
2.123095
0.279901
12.843574
10.73591
24.197546
21.822173
1.766403
4.506276
9.587655
9.398739
24.142751
2.34558
10.461287
21.325024
23.476766
13.826599
0.681805
0.0
3.466355
21.720144
0.0
21.660149
23.491479
24.746448
22.5523
22.095365
23.010842
21.827181
22.594163
21.827181
13.700426
14.056583
24.25672
0.0
0.568535
0.378736
16.611128
5.755887
25.452958
22.112081
6.857404
7.365597
22.577154
24.803608
12.933968
13.500569
0.0
21.725504
23.169491
17.103965
21.732517
0.0
24.735256
25.226851
9.375487
16.073533
9.976773
10.591588
5.697664
1.555363
8.910362
25.054747
24.353876
6.280649
2.726038
1.539804
1.547082
14.025734
1.821274
9.603575
5.527834
15.721192
2.342821
2.342821
1.821274
1.459803
1.550591
6.072813
5.266761
22.059491
10.524877
27.531058
1.876464
24.214665
4.022275
15.911221
6.429537
17.836576
0.0
7.56314
24.824516
23.486509
21.915997
3.409534
2.156743
10.536988
2.34558
11.846849
21.450472
20.802633
21.000209
10.92543
1.975806
14.324596
14.324596
4.137959
4.137959
4.137959
7.415832
7.415832
7.415832
4.137959
4.137959
4.137959
14.324596
22.059491
13.740798
2.342821
2.342821
18.128692
13.956958
9.687594
5.521591
1.978566
7.415832
7.415832
7.415832
7.415832
7.415832
7.415832
7.415832
21.915997
21.915997
1.657409
0.0
19.465377
14.361377
21.915997
21.915997
21.915997
23.14362
6.176568
19.24039
1.724691
6.612546
14.320397
1.156233
2.42563
3.30601
22.128479
6.347858
23.904925
2.34558
15.656587
2.342821
4.092664
1.885298
9.231715
25.613871
14.324596
14.324596
14.324596
14.324596
6.441981
1.156233
1.156233
24.658837
27.638534
6.663028
1.156233
13.912981
1.156233
4.289218
4.520665
22.059491
22.059491
1.735729
22.059491
7.446014
10.573514
1.975806
24.551202
24.226401
6.956937
3.4059
1.821274
5.324837
1.95499
1.821274
24.214665
22.128479
22.004597
3.811654
3.642955
1.975806
8.437119
1.992538
1.870772
22.128479
22.059491
22.059491
2.010056
1.821274
8.05321
2.342821
15.887891
1.821274
10.500132
22.128479
22.128479
1.93242
5.721802
1.876464
12.800898
14.062577
22.128479
1.539804
25.349172
8.02124
1.140865
25.92309
4.3451
0.0
0.0
0.666856
22.222814
11.555156
5.082063
2.342821
22.300769
14.045951
11.693267
3.23908
12.465807
7.664228
5.718626
22.353703
1.724691
24.214665
6.267151
9.111322
1.707415
4.691981
10.303254
25.106595
2.342821
21.294791
0.523835
2.34558
23.637402
4.029001
10.526195
19.307331
1.550842
4.228344
7.767974
8.24737
21.431216
22.191289
8.653982
25.511457
4.672399
22.001541
25.356621
2.342821
2.342821
2.342821
24.648055
22.059525
22.128479
3.517808
14.154273
5.158979
1.583669
4.296202
14.798365
22.128479
24.050969
22.128479
11.527273
1.735729
14.324596
1.975806
3.553008
22.059491
25.506777
22.128479
18.29741
2.342821
22.060241
18.701355
19.27476
11.934243
25.374768
3.153113
9.823771
7.116567
5.98996
9.521449
5.689502
17.12059
7.795604
25.803931
1.686442
1.686442
19.093314
12.520494
2.3292
15.040902
22.692244
2.33356
4.042687
22.327163
21.383412
22.047675
25.013348
0.778343
12.370894
7.938766
1.514674
2.973206
1.539804
1.724691
1.550842
22.128479
1.56125
1.550842
2.342821
20.751848
1.153292
11.093786
7.393242
9.356596
25.179836
7.207655
20.790303
23.870898
1.834061
24.24519
11.772973
14.04447
7.007464
1.2542
1.699112
1.811328
1.876464
22.128479
22.128479
10.040663
1.876464
1.876464
23.520663
2.328412
24.559833
10.005904
2.808337
2.010079
0.776504
21.223967
21.452655
25.540976
21.480065
23.252998
24.219642
6.513329
15.903557
22.128479
1.876464
3.749987
1.747543
14.212629
1.876464
5.912535
4.092664
10.553283
22.128479
22.128479
24.122432
10.258295
1.876464
3.45539
21.696152
1.821274
22.792337
23.170662
19.656472
25.235441
10.023612
23.910024
1.899927
24.478286
6.415221
8.105389
2.34558
14.072496
2.342821
1.724691
2.342821
1.581684
23.796214
2.342821
7.749605
10.745698
18.793514
11.486087
1.215487
23.174327
7.596862
23.033951
19.47008
5.656935
1.539804
22.128479
3.109561
22.059491
22.059491
2.802062
24.268291
1.876464
6.169576
10.172664
2.342821
17.540265
4.53649
23.285303
1.1668
1.084072
2.150512
2.342821
2.342821
10.367902
2.34558
1.813016
2.34558
2.342821
10.372107
17.229835
1.758562
2.031067
6.995104
2.342821
1.234352
2.342821
8.053312
2.33354
25.321374
22.001541
24.509565
24.722414
12.03114
7.478475
22.039068
24.487312
7.778948
1.335688
9.290005
7.219314
22.001541
2.326663
13.717649
5.527834
10.737726
22.128479
22.059491
1.156233
1.975806
1.156233
11.760209
22.128479
14.204287
11.416888
21.259777
21.667742
22.001541
7.350082
20.195573
2.342821
10.457678
2.342821
1.883733
24.208407
11.384026
18.517884
2.342821
24.134667
22.804505
17.458926
4.564382
1.539804
10.021218
1.700921
1.821274
2.342821
4.797398
25.275905
24.686541
21.47318
0.0
0.0
23.621599
21.874773
7.167917
1.87579
6.247432
15.705422
26.569781
12.313301
16.102732
19.912902
5.975151
6.844678
21.767301
0.0
0.0
0.0
0.0
9.143714
8.606852
17.654949
21.734598
9.216556
6.884784
21.827181
16.566859
11.096204
4.805273
9.987576
5.961272
22.690485
1.059402
0.0
5.48718
22.111044
6.967055
17.887338
21.976548
15.542198
1.84254
21.827181
0.0
21.352561
10.012719
6.830122
0.0
4.48983
8.695861
12.961359
22.23334
25.676166
13.812787
23.985261
22.185087
0.450907
8.378888
7.627764
7.374215
12.548104
2.34558
14.875321
2.342821
2.342821
2.342821
1.539804
22.128479
19.142429
22.128479
1.876464
1.876464
22.059491
8.248609
21.989659
1.271069
1.975806
1.975806
14.531856
1.51999
1.156233
14.072326
7.326272
1.156233
1.156233
24.234201
9.036023
6.9178
1.156233
14.324596
14.324596
14.324596
14.324596
16.007791
3.553008
1.876464
22.128479
17.229801
25.293641
14.097991
1.724691
1.511815
13.764623
22.059491
22.059491
22.059491
7.745314
22.059491
12.495491
7.745314
23.837199
22.059491
1.975806
1.975806
14.324596
4.137959
4.137959
4.137959
4.137959
4.137959
4.137959
4.137959
4.137959
4.137959
4.137959
4.137959
4.137959
14.324596
1.596901
2.24729
21.915997
7.415832
7.415832
7.415832
7.415832
7.415832
7.415832
11.973569
22.095365
2.34558
4.948532
14.324596
4.137959
4.137959
14.324596
4.701711
1.156233
22.059491
25.562472
16.682358
7.85455
9.359455
0.563396
24.925309
4.481399
22.9808
21.870368
7.708331
22.078173
0.0
2.699667
14.233183
21.56488
16.768267
23.802678
7.89104
8.153502
24.686541
22.650746
23.525534
22.001541
22.205369
20.851073
19.033854
22.063871
18.173986
8.906127
21.944294
4.634396
18.592365
1.876464
22.128479
1.876464
24.338948
22.059491
22.059491
22.128479
1.876464
22.059491
1.975806
1.735729
22.059491
6.561879
22.059491
24.338948
22.020962
22.128479
24.15143
1.156233
14.324596
1.156233
22.059491
1.51999
4.473064
15.841104
22.059491
1.876464
1.876464
22.128479
1.156233
4.137959
1.156233
2.401351
14.324596
24.389392
22.128479
1.724691
24.214665
6.240515
1.876464
1.876464
15.351475
1.811328
4.987919
4.73402
14.324596
1.975806
9.715314
14.324596
14.334006
3.995489
1.735729
1.156233
14.324596
8.034663
14.324596
22.059491
22.059491
14.324596
14.324596
14.324596
1.156233
1.156233
22.059491
1.876464
1.876464
2.206459
15.828145
25.963106
5.699199
22.128479
23.304578
1.550842
1.876464
11.282388
14.324596
14.324596
14.324596
14.324596
14.324596
4.137959
9.680809
4.137959
4.137959
14.324596
14.324596
1.870761
1.975806
22.059491
14.225845
24.468472
22.128479
22.059491
2.066548
1.864392
7.419626
6.971575
13.522606
2.342821
22.098872
1.821274
1.550842
22.128479
1.975806
1.156233
14.324596
14.324596
2.474844
14.324596
4.137959
21.160363
14.324596
14.324596
4.137959
4.137959
4.137959
27.606098
14.324596
4.137959
4.137959
4.137959
1.156233
14.324596
14.324596
14.324596
14.324596
14.177089
1.975806
1.156233
1.156233
14.324596
1.156233
14.324596
14.324596
4.137959
4.137959
14.324596
14.324596
14.324596
14.324596
12.170283
1.876464
1.876464
1.876464
22.128479
2.268243
22.128479
24.238559
22.059491
21.285639
22.059491
22.128479
1.876464
22.128479
1.821274
1.550842
24.302419
1.876464
16.138143
1.156233
24.307321
1.95499
2.342821
21.23556
9.69938
24.457681
22.514593
0.0
7.177305
22.191639
24.445397
5.158979
22.128479
22.128479
2.117878
1.876464
5.396671
22.059491
1.876464
1.821274
1.41138
22.262922
22.334655
0.0
7.186545
22.534291
9.575623
19.093314
3.13034
2.846973
2.824891
2.342821
1.724691
1.932852
22.128479
1.975806
22.059491
22.059491
22.059491
25.617083
1.876464
22.128479
1.876464
1.876464
1.876464
22.128479
3.843084
14.223731
22.059491
22.070529
1.735729
22.128479
3.702332
22.059491
12.495491
22.059491
22.128479
22.128479
1.876464
22.128479
12.532379
10.229345
27.761886
1.821274
24.214665
1.724691
2.342821
16.561339
2.34558
2.342821
2.342821
19.33628
1.555561
22.128479
10.49821
3.431996
14.324596
14.324596
22.059491
1.975806
13.914803
13.692572
3.936008
22.128479
3.762643
22.059491
1.975806
14.324596
14.324596
14.324596
14.324596
4.137959
4.137959
4.137959
4.137959
14.324596
5.503199
2.342821
5.118837
21.545767
7.01788
0.0
7.204463
7.441814
9.020144
4.929344
9.853417
1.724691
1.876464
2.000271
1.975806
1.868565
9.642474
14.093968
1.975806
1.156233
22.059491
22.059491
6.702475
1.156233
14.336703
1.156233
14.324596
14.324596
1.156233
8.833607
1.735729
9.680889
7.773981
4.137959
4.137959
4.137959
13.410783
12.600381
4.137959
4.137959
4.137959
4.137959
4.137959
4.137959
18.3319
1.876464
10.239423
23.528544
1.862078
7.896152
10.130147
22.671281
9.931304
1.225301
16.625029
6.890798
10.321096
2.342821
1.28793
25.482717
21.425301
5.062062
23.219308
5.869979
9.527801
22.001541
13.475173
5.645796
23.880073
1.156233
1.156233
1.735729
1.975806
22.128479
27.986624
2.036064
3.706502
4.313583
21.827181
21.915997
22.095365
12.795236
7.147234
7.926551
2.342821
2.342821
4.134128
1.981322
6.400004
12.537331
14.324596
14.324596
4.137959
7.620225
4.137959
4.137959
4.137959
14.324596
1.156233
2.342821
14.03617
22.128479
19.264967
22.059491
1.735729
22.128479
1.975806
14.324596
4.137959
4.137959
1.156233
22.059491
2.82531
24.373151
1.975806
9.513733
1.975806
22.059491
22.059491
14.324596
14.324596
14.324596
4.137959
14.324596
14.324596
1.975806
9.738037
24.498162
6.692731
11.888698
16.87884
2.342821
1.724757
12.372987
19.126665
22.042185
16.693366
22.128479
3.883222
24.091442
12.5458
21.522366
23.124661
21.31746
24.189344
13.866532
0.0
21.084454
24.505282
1.821274
1.724691
1.539804
1.821274
1.821274
1.724691
7.123532
1.724691
22.989657
22.059491
1.975806
5.433041
22.128479
22.128479
11.88389
14.045951
5.119256
6.688433
21.96415
0.621062
21.87335
0.898471
0.553964
2.34558
2.008572
1.975806
11.984535
22.059491
22.128479
22.059491
22.059491
1.975806
14.324596
14.324596
14.324596
14.324596
1.156233
14.324596
4.137959
4.137959
4.137959
7.446014
1.735729
1.156233
6.400004
14.324596
18.54567
11.947256
1.985101
1.559395
22.128479
2.913276
1.724691
22.128479
22.128479
22.128479
3.261658
2.462643
1.876464
22.128479
22.059491
3.765845
3.566336
24.214665
23.282578
22.977614
2.342821
2.342821
2.342821
2.989182
22.128479
1.87775
22.059491
22.059491
22.059491
1.876464
7.229699
2.879104
16.094497
0.895499
25.411268
5.176406
25.272935
1.539804
22.128479
14.324596
14.324596
14.324596
4.137959
4.137959
4.711119
1.156233
22.059491
24.307321
3.826764
1.876464
3.623587
2.389922
1.724691
1.724691
7.125044
14.03617
19.077223
8.061316
13.477114
11.232416
2.156962
7.031952
8.658357
21.827181
3.105389
3.9468
8.425264
18.498758
4.481224
7.611821
2.342821
1.563879
1.876464
22.128479
1.876464
7.816428
22.128479
4.304433
1.821274
15.698604
5.503199
1.724691
2.342821
7.229699
20.122119
22.933448
8.41245
7.40439
21.681432
10.104849
5.461837
15.128877
4.799714
22.001541
2.534706
7.661626
23.895471
2.342821
2.342821
7.045727
24.073552
18.008593
1.098283
8.3043
22.535203
21.576755
14.222306
7.525989
8.548508
21.19132
22.001541
2.206715
13.334193
7.323359
14.53826
2.535546
2.342821
17.780173
19.129954
7.740871
1.92595
2.247484
10.603359
0.472482
20.723576
21.800882
0.567875
22.050778
20.726547
7.67663
7.515792
21.659101
21.910621
21.827181
21.827181
19.100128
22.278537
5.643609
25.759545
0.0
4.922356
0.0
0.0
6.416363
22.326292
0.0
6.857651
0.0
22.084898
0.0
4.184557
19.706398
11.451159
6.082753
6.123817
0.0
3.423631
0.0
0.0
0.0
5.02497
4.151383
17.976169
17.381478
18.54664
22.001541
21.452214
7.859442
2.155899
9.221654
1.512181
1.714423
1.241268
2.342821
18.09168
7.033949
1.724691
3.457602
18.296095
22.244204
1.636061
10.316334
2.342821
2.605951
2.342821
9.354598
19.523645
17.885157
24.426117
2.424645
21.827181
22.134746
22.095365
22.095365
22.095365
1.566843
4.364966
21.710324
22.001541
7.425346
8.830996
20.470309
0.501133
19.887007
6.727005
23.32066
21.513876
0.0
5.441468
9.497534
2.564499
21.827181
21.915997
21.915997
21.915997
21.915997
21.915997
21.915997
21.915997
21.915997
21.915997
21.915997
22.095365
22.095365
21.915997
21.915997
12.505841
21.915997
21.915997
21.915997
21.827181
25.122812
4.289174
22.005641
17.701258
21.827181
0.0
15.212
22.095365
19.392921
21.915997
21.915997
21.915997
21.827181
21.827181
22.095365
0.0
22.095365
21.915997
21.915997
21.915997
21.915997
21.915997
1.978566
1.978566
7.415832
7.415832
1.978566
21.915997
1.978566
1.978566
21.915997
1.978566
1.978566
21.915997
25.666165
22.095365
3.084301
1.84647
7.93623
22.001541
1.714423
8.226141
19.448496
11.744836
25.764682
18.986405
1.749955
2.846973
24.016174
24.143511
3.281376
1.539804
1.724691
22.128479
22.240147
1.539804
22.128479
13.987129
22.128479
13.147517
2.342821
2.34558
2.342821
2.285717
1.821274
22.128479
15.094839
1.876464
2.007313
11.716897
24.217739
7.672871
2.342821
4.849258
17.417521
1.252853
1.724691
13.450127
1.975806
1.975806
23.581989
14.324596
1.156233
13.800442
22.059491
7.711821
1.876464
2.158945
22.128479
22.128479
5.612443
19.043967
13.233058
1.55205
9.415301
1.765092
1.550842
1.998079
8.124603
4.137959
4.137959
4.137959
14.324596
4.137959
4.137959
12.010645
4.137959
4.137959
4.137959
14.324596
14.181438
1.74689
21.335878
11.733823
22.095365
21.915997
21.915997
21.915997
22.095365
17.700915
21.623007
25.374768
1.215642
1.539804
22.128479
22.128479
1.876464
1.115044
2.039597
8.881177
9.169732
1.841412
1.724691
14.858968
1.876464
1.876464
1.156233
14.324596
14.048978
1.975806
10.48425
25.151925
11.902601
0.0
20.179338
8.140715
4.64524
24.10141
6.975654
19.265099
22.128479
1.975806
1.975806
1.735729
22.128479
22.172207
2.133806
7.661626
9.395883
9.716198
21.90997
9.835064
1.975806
13.862864
14.324596
4.137959
4.137959
4.137959
4.137959
24.647723
22.059491
27.761203
4.332463
1.724691
20.794557
24.341875
1.483935
1.821274
22.128479
24.214665
22.128479
22.128479
22.113944
8.633775
22.128479
24.651773
7.025099
15.918523
0.0
0.0
0.0
23.585575
0.0
10.664218
21.586322
1.1668
1.539804
22.128479
1.847903
4.009357
22.128479
4.735498
1.841412
3.638983
1.523247
17.180684
2.342821
13.109482
3.001373
1.94562
21.846909
7.052653
23.097455
0.509244
22.338342
22.115165
18.653082
4.675458
1.876464
22.059491
6.896308
8.296849
6.001247
11.434353
1.732228
22.128479
10.468641
10.395017
5.303368
22.128479
4.757388
25.647448
8.234026
2.503647
7.863306
11.610541
9.617145
7.024154
1.448734
24.669217
2.342821
7.593828
22.128479
22.059491
24.307321
23.7854
14.324596
4.137959
4.137959
14.324596
7.877746
1.975806
4.53538
2.342821
1.153292
7.770239
2.143364
7.493464
3.538082
6.315534
1.602325
2.342821
5.587617
22.128479
4.248165
1.876464
10.553283
1.876464
2.205303
7.504691
1.956015
1.821274
24.182152
10.262181
7.59994
9.491103
6.416363
12.961359
24.377813
2.34558
2.342821
22.128479
24.47502
22.059491
24.598459
22.128479
22.128479
1.821274
24.097762
21.501844
21.984116
22.883544
25.675076
5.115286
18.215499
10.314148
1.539804
1.876464
1.735729
22.059491
14.324596
14.324596
4.137959
4.137959
14.324596
14.324596
14.324596
14.324596
14.324596
1.735729
5.396671
22.059491
22.059491
22.059491
22.059491
1.156233
14.324596
14.324596
4.137959
4.137959
4.137959
4.137959
4.244334
4.137959
4.137959
4.137959
14.270514
4.137959
14.848311
4.137959
4.137959
4.137959
4.137959
12.618359
2.819266
7.802658
2.111399
12.540071
14.324596
13.75188
4.137959
4.137959
14.10394
4.137959
4.137959
4.137959
4.137959
4.137959
5.639369
21.863792
13.885336
21.915997
7.415832
7.415832
7.415832
7.415832
7.415832
7.415832
7.415832
7.415832
7.415832
7.415832
7.415832
7.415832
7.415832
7.415832
7.415832
7.415832
21.915997
7.196042
15.908871
11.434353
14.198212
4.137959
4.137959
4.137959
14.324596
1.735729
1.876464
1.59059
9.603575
4.872986
14.280659
15.940153
2.342821
22.128479
3.6458
22.070529
14.324596
23.584239
14.324596
1.156233
22.059491
22.128479
14.053981
2.342821
22.211881
10.316334
2.342821
17.040303
8.039566
21.813323
25.305607
24.566473
1.821274
1.821274
1.550897
7.867582
2.792415
22.059491
23.282578
9.851778
2.342821
1.56516
1.807146
22.885373
2.342821
17.591133
7.349696
9.987665
1.146317
2.526296
2.342821
22.291289
19.232944
22.128479
22.059491
1.156233
2.834854
14.324596
1.735729
1.539804
10.476064
11.902601
24.060133
10.944201
2.910243
12.515898
1.330898
1.845181
9.231715
22.059491
22.059491
10.573514
20.581961
1.724691
21.437449
19.117236
8.747082
19.265099
1.975806
1.156233
1.975806
9.52575
22.059491
5.060104
24.214665
2.074536
2.342821
19.539214
25.122447
3.814761
9.071821
5.442625
6.968618
9.204657
1.876464
1.975806
7.182024
1.156233
6.306982
1.735729
11.888213
1.156233
6.172842
22.128479
24.090845
1.724691
2.342821
2.342821
25.108018
1.550842
1.876464
12.62606
1.56054
22.059491
22.059491
1.156233
14.324596
8.758441
14.324596
23.591017
14.324596
14.324596
1.156233
14.324596
8.19204
4.137959
4.137959
18.104074
13.704814
14.324596
14.324596
14.324596
14.324596
1.156233
1.156233
14.324596
7.303733
14.324596
22.128479
22.128479
10.011429
18.035063
1.724691
6.280649
1.916422
22.038176
2.146236
11.528672
5.636242
25.985965
2.896276
19.006527
23.216711
8.036267
7.541955
2.342821
4.695996
17.40633
1.550842
14.212629
4.51023
1.735729
1.787585
1.876464
22.128479
7.801463
10.694956
19.093314
13.513638
5.31703
9.454617
2.534706
9.311321
19.167951
25.307344
21.682353
7.795583
21.957021
24.491677
2.342821
10.441391
10.593303
15.351475
22.128479
7.074594
22.059491
1.876464
18.633058
6.519407
1.724691
10.679005
2.342821
0.523835
6.719134
5.81547
22.091596
0.0
9.750536
21.286037
7.237272
1.061274
1.272332
10.492476
24.214665
4.431357
21.871247
22.059491
24.512673
27.761886
2.342821
0.759575
7.605809
8.975366
22.063871
20.875444
21.914958
6.275277
22.128479
22.128479
4.532871
11.79359
1.876464
10.4927
20.646631
3.53897
1.724691
22.277306
2.036735
24.371957
25.476569
2.342821
4.791555
4.338935
12.408869
2.342821
2.342821
22.133444
21.660494
7.954635
1.883733
2.342821
9.196183
15.076759
18.079681
19.109748
2.342821
7.794978
2.877819
23.799901
10.116478
24.675183
22.001541
22.001541
25.234153
21.676403
7.392617
21.47731
5.146137
7.544571
5.674659
23.862442
0.702724
1.812737
24.675183
24.675183
6.177775
12.5458
1.884868
5.025771
24.710232
1.708577
18.648694
7.593084
8.552602
7.259237
15.041846
22.06463
9.263902
21.686784
7.108921
18.828109
8.690746
6.867818
8.267434
1.137199
2.194249
5.315228
16.196083
21.233297
27.940599
0.534234
9.518852
18.648694
12.88536
10.69982
22.490474
0.716935
5.163718
6.309879
19.692569
22.050778
10.522206
22.265204
8.267434
18.542938
21.914365
4.270098
22.965585
4.07244
10.130416
21.271181
5.255969
7.620145
21.58393
24.984371
22.044689
0.66907
4.878833
0.0
21.790185
6.43775
20.180235
23.572127
10.317093
5.56487
6.5358
6.330495
16.29737
7.481832
3.538082
6.76367
6.923767
14.183639
9.726974
21.805911
5.896745
7.717914
1.400012
2.080531
0.0
21.465327
17.673468
17.026478
7.111003
23.838146
23.808545
4.692064
22.428698
7.829909
19.034477
16.174741
20.124625
3.052712
9.266594
7.897152
0.596636
0.0
6.73497
2.801386
21.898072
22.200572
19.316474
0.0
0.0
0.0
0.0
3.546635
5.520983
4.643658
0.571536
0.0
6.791612
3.443307
22.083791
0.0
0.0
7.290475
14.654906
0.0
0.0
0.0
2.781295
0.0
0.596668
5.037925
17.590217
6.039613
11.485549
12.077134
14.654906
0.391043
5.887929
0.0
8.510317
3.663328
6.892287
19.341401
0.616346
3.663328
21.685651
8.465655
17.343398
0.0
10.376614
0.0
11.485549
1.715166
23.686732
5.206245
21.925057
7.819757
0.0
1.024214
1.024214
0.0
12.950848
16.538771
22.762462
22.722942
0.0
0.0
0.0
6.564366
0.0
12.407053
10.21998
4.364966
22.091596
21.613311
0.0
0.0
0.0
15.823559
0.0
5.51963
0.0
0.0
2.109367
19.749063
22.096414
10.58551
3.826863
7.257042
7.725499
6.844678
3.368972
21.711045
6.939286
0.0
6.888446
0.0
21.827181
15.951593
21.827181
4.274647
4.90858
26.106916
0.236774
22.082683
0.0
2.349182
10.300192
24.495767
5.672206
22.73859
6.197564
21.767301
1.130454
9.305086
21.501454
6.653242
18.947258
9.305086
27.908579
19.134007
16.534768
18.957254
19.076094
2.974744
9.236384
7.098559
8.05321
2.342821
2.342821
2.342821
25.715744
12.221001
10.496776
2.342821
15.246352
15.340933
24.088776
22.740055
24.435565
22.434986
22.200129
7.616175
2.342821
12.221001
4.545352
5.181635
10.172726
19.093314
25.781448
24.645718
8.684563
1.879097
14.251403
7.859442
1.269472
2.342821
20.820238
16.61905
17.789239
10.51359
21.795523
18.434497
1.309135
9.479836
1.901226
20.246571
24.635879
2.342821
12.884165
2.82536
18.605211
12.534206
1.821274
1.821274
17.901552
2.099116
2.243334
2.342821
1.566835
13.385505
10.523962
1.724691
1.724691
1.724691
15.355043
1.539804
7.882868
23.739829
1.821274
1.539804
1.788448
22.128479
17.038367
4.022275
1.583669
25.479736
16.584022
23.581626
1.734219
4.137959
4.137959
4.137959
7.415832
7.415832
7.415832
7.415832
7.415832
7.415832
7.415832
7.415832
7.415832
4.137959
13.661445
1.156233
1.156233
14.324596
10.525243
4.137959
4.137959
7.415832
7.415832
7.415832
7.415832
7.415832
7.415832
7.415832
4.137959
4.137959
4.137959
14.324596
22.128479
1.55205
22.877011
22.803891
7.415832
7.415832
7.415832
7.415832
7.415832
7.415832
7.415832
1.978566
1.978566
21.915997
22.943376
21.915997
21.915997
21.915997
21.915997
21.915997
22.231226
21.915997
15.577295
0.0
0.0
21.573039
19.213023
26.535204
19.093314
9.27392
24.704058
4.454768
2.342821
24.161853
2.342821
12.558898
1.821274
1.539804
22.128479
1.876464
22.059491
1.156233
1.735729
1.156233
1.156233
1.156233
1.876464
16.322077
1.724691
1.539804
10.445632
1.539804
11.264942
2.342821
1.724691
22.128479
22.128479
6.38115
1.724691
1.821274
2.342821
2.846973
8.122085
18.09702
25.686052
23.971734
4.304433
2.342821
1.765092
7.056824
11.034978
1.035925
24.214665
22.059491
1.876464
11.727162
1.876464
1.876464
18.306511
7.696425
7.388052
1.724691
27.795581
3.708063
22.204717
1.539804
22.023825
2.158945
7.105453
22.128479
24.424258
1.550842
1.821274
2.01879
2.979671
2.342821
18.633058
3.517808
1.876464
1.975806
1.156233
14.324596
14.324596
9.37159
14.324596
1.156233
6.951143
22.204717
2.088998
1.502185
7.775877
25.39053
22.282937
2.342821
1.821274
22.128479
22.059491
2.42563
11.514006
1.156233
22.059491
1.724691
4.795167
2.342821
25.782631
20.246571
1.550842
25.719783
22.059491
24.109396
22.059491
1.876464
4.264617
24.214665
25.715836
4.735498
22.785881
2.342821
1.550842
2.687714
22.128479
6.027865
1.821274
14.41022
1.51216
16.53188
19.699236
21.827181
14.159334
17.372732
7.101084
7.361846
5.478984
22.001541
4.84074
1.273159
18.986405
12.884165
2.342821
3.256217
19.115388
17.380532
19.602411
8.835087
22.112241
22.240511
21.827181
0.0
14.106094
7.502722
21.805255
25.294037
5.927835
1.821274
18.215723
2.709337
1.539804
23.372802
11.779807
23.920764
2.342821
22.548044
2.867819
22.128479
22.128479
1.821274
12.48211
7.627529
2.342821
11.264942
13.943995
10.324275
1.821274
25.101528
22.128479
4.588427
1.903264
1.724691
2.342821
24.56512
2.342821
24.388156
15.721192
1.724691
1.539804
1.906226
22.128479
23.842171
14.324596
14.324596
7.0084
4.137959
14.324596
14.324596
14.324596
1.156233
1.156233
22.059491
24.470439
22.128479
16.87689
5.86849
1.876464
6.306982
4.711119
9.00534
14.324596
5.727663
1.975806
4.263864
24.570641
22.128479
24.648482
22.056458
2.434767
1.724691
24.18464
1.876464
22.128479
8.66338
7.377817
1.876464
22.128479
22.128479
1.724691
1.724691
8.09803
1.724691
1.821274
23.774546
1.550842
22.128479
4.736928
2.342821
22.804505
21.212443
2.342821
5.188777
2.342821
1.821274
24.648482
22.128479
1.586137
1.821274
13.43118
2.342821
7.203916
13.858347
9.082355
1.098933
20.470309
2.155899
19.068822
9.595073
1.821274
7.093202
1.539804
1.821274
3.073875
9.254042
7.87839
10.457678
7.093803
25.24835
21.62555
0.846714
2.342821
25.715252
5.538329
1.821274
2.342821
17.483862
1.902061
2.342821
22.048288
21.895057
10.775274
2.416032
22.391336
23.358512
7.52884
2.545053
4.65923
22.947173
9.230482
4.356284
10.032656
22.728943
11.819258
7.007073
24.610842
7.877078
1.653595
2.140742
7.20302
8.957152
5.867253
22.190374
11.301215
24.059487
20.389347
5.249481
7.832059
1.529211
7.672174
22.193433
2.34558
17.380472
23.652178
19.011955
24.369055
11.454421
9.720778
2.342821
2.342821
2.342821
21.314437
22.224339
13.375884
24.413499
1.575436
7.53105
7.999387
14.467501
25.255519
22.001541
23.035767
14.042584
2.34558
17.777767
2.342821
2.342821
13.183828
2.342821
2.34558
5.006386
19.731978
10.441223
2.200295
4.359262
8.200358
2.142818
10.849326
21.334712
22.300769
25.55646
1.821274
21.000209
7.021481
1.752963
2.34558
12.689866
8.044411
0.0
21.554544
22.095365
21.894458
21.915997
21.915997
16.287437
21.915997
21.915997
18.019633
21.915997
21.915997
19.113866
21.915997
21.915997
21.915997
21.905867
21.915997
21.915997
22.095365
22.095365
22.484567
5.668887
21.87335
21.827181
22.095365
21.915997
21.915997
7.954597
21.915997
7.954597
21.915997
21.915997
21.915997
10.295139
22.095365
22.095365
22.095365
22.200719
5.022904
21.819841
9.697881
21.827181
0.0
22.394739
11.479545
9.767758
3.738089
9.218547
16.440982
2.34558
21.140219
18.605211
24.075284
15.55837
4.695114
1.240046
2.342821
3.613791
2.34558
13.290138
3.896783
23.990787
6.286983
7.749605
2.342821
2.506174
12.601413
22.059491
1.975806
6.540115
1.975806
1.735729
1.975806
11.974359
4.955921
1.724691
2.732857
7.131659
21.928452
22.278537
22.095365
21.915997
19.765797
25.25098
21.915997
21.915997
21.915997
22.095365
21.827181
21.827181
21.827181
21.827181
5.456836
12.394161
21.827181
21.827181
6.251433
5.940947
21.513876
7.528318
5.305122
0.0
17.963418
0.0
0.0
13.3814
9.975293
21.902199
0.0
21.827181
14.259775
21.915997
21.915997
21.915997
21.915997
21.915997
21.915997
21.915997
21.915997
21.830711
22.095365
22.095365
21.827181
21.827181
9.221255
9.516374
15.62998
5.111312
4.626112
19.32568
21.577532
11.026219
7.593084
6.719134
12.556243
22.001541
17.380472
13.20091
22.694709
22.128479
1.876464
22.059491
6.898001
1.156233
14.324596
14.324596
14.324596
14.324596
2.49915
4.137959
4.137959
13.148895
4.137959
4.137959
12.552712
4.137959
4.137959
7.415832
4.137959
4.137959
4.137959
4.137959
4.137959
4.137959
11.75421
1.156233
27.691932
5.362389
7.792882
2.956187
21.915997
7.415832
7.415832
7.415832
7.415832
7.415832
7.415832
7.415832
7.415832
7.415832
11.973569
7.415832
7.415832
7.415832
1.978566
21.915997
21.915997
21.915997
22.095365
13.866532
23.296728
5.801688
0.0
21.827181
21.915997
21.915997
21.915997
21.915997
21.915997
22.095365
21.854927
22.020058
22.124764
4.794203
0.0
4.000963
24.730387
10.481179
9.098682
24.264831
21.7959
22.024854
19.331114
14.012516
20.409506
0.0
21.664298
0.987458
0.0
6.839832
12.407053
0.568535
1.262336
1.175837
19.154166
9.123401
11.846556
17.870866
7.635016
9.537508
8.562065
21.648325
21.648325
10.127731
3.789786
8.663272
21.802175
9.491103
7.278266
20.918166
23.198021
2.34558
10.773919
25.734168
16.053294
22.095365
21.915997
2.680121
5.455774
1.741367
0.630262
8.335137
12.550612
9.357198
1.828441
21.437449
1.164998
1.47743
25.39053
20.989382
7.28277
0.0
3.515131
7.37321
14.06955
0.0
12.985888
3.18624
22.120988
0.0
0.0
0.0
0.058427
21.646955
22.495367
9.923751
24.882126
10.870674
21.649511
22.081898
2.365647
2.3313
17.118472
0.0
0.0
9.827393
20.095464
0.467563
0.0
0.0
18.737845
16.451782
0.0
2.681747
22.327163
23.9388
11.835738
0.982651
8.052845
2.342821
2.342821
13.584771
7.285856
7.092142
4.455243
13.842094
7.295919
13.104348
21.8066
24.330114
21.347388
11.569163
23.415907
7.050244
22.100728
1.724691
17.901552
2.342821
11.917913
7.504691
1.876464
11.741543
27.493015
22.059491
24.122141
14.176787
22.128479
1.637626
18.030612
17.376715
2.330486
23.756663
3.328744
11.413164
5.962288
1.876464
22.128479
24.117763
1.864392
14.941631
4.311651
21.821505
22.001541
15.610463
22.730051
22.046384
10.090546
25.198696
2.342821
1.961211
22.059491
7.1078
14.324596
1.735729
11.907385
22.128479
3.220426
18.98278
1.293377
1.821274
22.128479
24.112563
22.739101
24.638692
22.059491
1.51999
14.324596
11.434323
14.324596
7.910767
4.137959
4.137959
4.137959
2.091825
11.888213
22.128479
2.066548
2.092508
22.059491
1.735729
8.53565
1.156233
22.059491
21.453564
4.533186
12.047041
3.430777
6.14101
22.024854
2.342821
22.128479
1.975806
14.324596
14.324596
4.137959
4.137959
4.137959
4.137959
14.324596
12.381939
1.821274
19.877321
1.724691
2.34558
2.342821
3.888388
1.945971
22.097462
22.095365
21.915997
21.915997
23.069516
21.915997
21.915997
21.915997
21.915997
21.915997
22.095365
22.309481
4.147321
22.780775
17.746927
25.730077
1.821274
22.128479
1.876464
22.059491
14.324596
3.417346
4.137959
4.137959
4.137959
4.137959
4.137959
4.137959
4.137959
4.137959
4.137959
14.324596
4.137959
4.137959
4.137959
4.137959
4.137959
4.137959
4.137959
4.137959
4.137959
1.194824
1.876464
23.18095
22.059491
1.156233
25.573942
1.975806
7.069651
2.092508
22.059491
1.876464
11.713169
1.975806
1.876464
1.597915
9.401934
3.692989
24.498162
14.324596
14.324596
1.975806
2.844629
1.876464
8.960606
1.876464
10.270713
27.227439
8.143312
21.318596
14.086398
6.688433
7.455266
25.675465
7.166917
1.876464
22.059491
1.975806
1.156233
1.975806
1.788539
22.128479
6.898001
4.137959
4.137959
4.137959
4.137959
4.137959
4.137959
14.324596
22.128479
5.127417
8.284169
21.915997
21.915997
1.978566
5.688705
16.455029
19.249741
22.059491
7.830161
1.975806
1.876464
5.233459
24.712842
1.351576
24.588819
23.523671
21.789398
22.048288
23.810685
21.212443
1.139993
1.743527
2.342821
18.108381
23.90161
5.423934
5.245621
4.338043
10.607394
2.342821
1.069556
24.63687
25.151925
1.821274
24.429367
2.342821
5.863377
10.70635
13.942142
6.803287
13.290138
2.342821
22.042185
23.627929
5.747962
22.128479
24.214665
5.86849
22.059525
2.605951
1.895863
2.342821
4.691981
2.342821
2.342821
13.454433
15.001802
23.800628
2.342821
9.283843
7.694392
1.916422
10.697574
1.862078
25.731078
2.342821
2.342821
2.533965
7.994166
3.621201
2.342821
1.863828
17.40633
27.839349
2.342821
22.128479
1.876464
22.059491
1.975806
1.675073
22.128479
10.593303
2.342821
21.937816
6.082451
22.095365
3.542726
21.827181
21.827181
19.46359
3.143589
5.24638
9.265803
9.977751
22.079415
1.821274
19.25498
24.506809
0.0
23.848268
7.791963
5.149238
21.827181
22.088402
22.155128
21.827181
14.919742
21.915997
21.915997
21.915997
21.915997
21.915997
17.82089
3.676449
0.725882
17.693292
23.361244
1.724691
22.128479
25.293641
23.909961
22.128479
22.128479
22.128479
2.158945
1.876464
22.059491
2.092508
12.537299
25.523913
2.342821
15.483139
13.448619
15.718463
7.238184
0.0
21.915997
21.915997
14.919742
0.0
4.56149
7.598621
15.903206
24.530171
6.05767
9.865561
1.975806
1.156233
27.266277
1.735729
1.975806
13.608096
22.059491
11.713169
10.48314
3.936008
1.539804
19.083503
24.143511
23.713457
2.157934
24.366212
2.342821
24.445397
14.256325
12.528212
1.724691
24.076819
3.457602
4.729469
1.16205
22.885373
13.557928
5.118001
7.562012
3.779097
1.105841
6.803287
5.505029
21.648325
19.254068
8.026612
7.688365
0.967044
21.90997
12.608365
7.039315
7.170297
12.556243
15.238472
16.363859
6.983076
22.095085
7.01788
10.709085
7.687076
1.724691
7.174956
1.735729
22.059491
12.946708
1.156233
22.059491
13.219012
1.72948
21.662567
0.0
12.777421
21.827181
21.827181
5.553803
11.451159
10.090313
2.342821
22.176075
25.538657
9.73266
11.833211
24.681022
9.168681
5.388372
6.754086
22.934102
17.713229
19.17958
7.352175
17.763571
9.860808
2.342821
6.812733
2.342821
9.841534
22.020735
15.942091
21.437449
2.142796
2.342821
11.926521
4.695114
17.777767
2.342821
12.657323
25.305607
0.846714
2.342821
21.691556
2.34558
9.489941
24.406958
7.117699
22.001541
5.205502
1.899927
11.981003
8.196633
20.484872
7.687554
17.345175
22.44984
17.991036
22.500498
2.203074
7.200516
20.091013
20.705472
9.662152
10.592581
0.993404
25.173774
2.34558
13.96667
27.898606
5.636242
0.600098
7.343052
9.263902
22.001541
7.192087
2.34558
18.05542
17.428872
1.138875
1.550842
19.153731
22.128479
24.122432
3.862546
22.128479
13.450127
9.831885
22.128479
1.821274
1.724691
22.027354
21.944294
2.342821
2.342821
1.821274
1.724691
1.724691
5.889707
1.821274
1.550842
13.938265
4.955894
2.136044
1.129362
8.429929
13.436917
24.633925
2.342821
22.020735
3.392894
12.262248
22.177628
14.375409
2.34558
20.955432
8.785856
23.775614
21.232536
25.678142
24.414999
6.183247
9.676068
0.0
1.326902
5.030602
22.095365
21.915997
21.915997
21.915997
21.915997
25.11884
21.915997
21.915997
21.915997
21.915997
21.915997
21.915997
21.915997
21.915997
21.915997
25.274017
21.915997
21.915997
21.915997
1.978566
1.978566
1.978566
7.415832
7.415832
7.415832
7.415832
7.415832
7.415832
7.415832
7.415832
7.415832
11.973569
1.978566
1.978566
1.978566
1.978566
21.915997
21.915997
21.915997
21.915997
21.915997
21.915997
21.915997
21.915997
21.915997
21.915997
24.833851
21.915997
22.095365
17.701258
0.0
20.609818
7.598621
8.544023
24.617949
22.176075
2.342821
2.342821
2.34558
19.5052
2.34558
1.55205
19.093314
1.137997
5.082063
23.586246
25.300988
24.655493
2.644388
16.321399
18.183485
26.564525
6.772056
10.423015
11.516858
21.929207
0.0
5.982726
6.227032
5.420675
9.518852
4.245184
2.885209
22.445082
21.677883
11.533043
22.045693
2.166306
22.095365
22.095365
22.095365
22.253575
21.571246
21.915997
21.915997
22.328419
21.915997
21.915997
1.978566
7.415832
7.415832
7.415832
7.415832
7.415832
7.415832
7.415832
7.415832
7.415832
1.978566
1.978566
21.915997
21.915997
7.709151
21.915997
21.915997
21.915997
21.915997
22.2294
21.915997
5.521591
22.095365
22.095365
22.095365
4.337182
23.680967
22.095365
22.095365
22.095365
22.095365
22.095365
1.452486
22.095365
2.02432
14.916927
6.642967
22.686376
0.0
16.348094
0.3817
0.0
5.012891
12.499717
22.04826
24.302987
4.898921
9.633435
8.161811
4.803916
14.003072
5.739036
1.889902
7.5559
27.181666
16.645457
0.0
4.688401
0.0
0.420108
22.092107
7.175103
0.637758
0.0
22.519595
22.71513
0.339365
0.0
9.02628
22.448271
13.496755
0.0
22.03498
23.825821
7.931637
2.611475
22.095365
4.337182
22.095365
22.095365
21.915997
21.915997
25.908303
22.095365
22.095365
22.095365
22.095365
21.667352
12.301999
22.78408
23.715833
21.827181
19.582241
2.846356
25.78094
21.827181
1.077682
21.827181
21.827181
21.827181
22.095365
25.4208
21.915997
21.915997
21.915997
21.915997
21.915997
21.915997
21.915997
21.915997
22.095365
19.542924
0.058427
0.0
3.857282
14.011028
13.992301
17.372028
17.150452
17.404158
2.408271
4.556889
22.128479
1.876464
2.950108
8.530438
1.156233
14.324596
14.324596
14.324596
14.324596
14.324596
14.324596
1.735729
5.396671
22.133085
1.821274
10.694956
1.681221
1.126746
22.049192
21.861312
26.000586
21.915997
21.915997
21.915997
1.978566
21.915997
25.900757
21.915997
21.915997
21.915997
19.519941
21.915997
21.915997
21.915997
7.415832
7.415832
7.415832
7.415832
7.415832
7.415832
21.915997
21.915997
4.614578
9.266594
17.817147
22.200625
21.820057
0.509244
21.827181
21.915997
21.915997
1.978566
11.973569
1.978566
7.415832
1.978566
23.951268
21.915997
23.384019
21.83847
23.739829
25.580615
22.128479
12.521267
22.059491
1.975806
24.214665
1.821274
1.539804
9.124108
18.542268
26.646072
7.943272
1.48324
19.093314
0.669369
1.02902
16.225347
6.973644
19.447034
0.0
22.095365
21.827181
22.722789
15.635528
12.506584
2.34558
13.592745
6.880541
1.876464
14.225845
7.244312
15.063056
25.349172
17.90376
8.23269
22.91333
22.402317
23.744924
22.095365
21.915997
21.827181
12.010852
8.295423
1.211957
6.147775
5.198039
11.819258
21.882063
2.135023
4.975015
1.096206
22.882298
12.5458
5.755347
21.28083
22.520295
1.329434
11.680517
20.823964
7.859951
19.42533
23.910323
2.342821
2.342821
2.342821
3.944284
20.164261
23.351801
13.146611
12.222753
21.810202
12.620444
13.452865
22.021537
22.808477
2.342821
17.406964
1.724691
15.933236
22.179743
1.767674
25.348822
22.06644
17.410684
2.342821
2.342821
2.342821
2.342821
2.342821
1.964635
5.983584
5.926301
1.876464
1.876464
24.214665
13.632861
2.342821
24.669755
7.942213
10.533059
21.827181
21.394907
22.768663
6.870713
17.451859
13.095784
23.652178
5.495605
1.724691
1.973474
5.837251
1.724691
1.821274
1.673174
1.453526
2.342821
2.342821
23.367347
2.342821
1.129362
19.50505
2.342821
6.111203
11.33101
22.318079
2.74672
15.979093
2.342821
22.276797
18.887856
23.677178
2.342821
2.342821
17.694797
1.760235
1.821274
1.550842
1.550842
22.0675
18.662122
1.619598
2.34558
2.149592
22.728943
21.651084
22.336003
8.916847
5.066707
7.374955
23.035767
21.213142
26.205432
1.602325
19.093314
5.735082
4.745594
11.948004
0.0
0.755625
23.240948
21.526906
22.353396
21.170907
10.451307
24.326055
24.603354
15.754679
23.909961
1.814779
4.982791
25.114738
2.342821
22.548044
4.691981
2.342821
8.1508
1.58125
23.988111
6.890798
22.001541
7.441406
3.001373
10.607394
7.875337
24.30735
21.649097
1.876464
22.059491
1.975806
1.975806
1.876464
1.876464
22.128479
1.823563
2.342821
5.627951
22.838887
7.687918
24.588626
7.188513
14.750281
7.214728
9.985622
2.342821
14.328395
2.309617
7.425346
24.690588
9.138762
18.887856
2.344648
2.342821
8.633692
22.514932
13.802501
8.026714
8.133296
23.290118
13.522606
2.342821
21.250461
11.058399
18.654621
21.662567
16.007864
15.323219
3.7279
2.138175
2.342821
4.810176
1.975806
14.324596
12.544863
4.137959
4.137959
23.47564
4.137959
4.137959
4.137959
4.137959
14.324596
1.975806
1.975806
22.059491
1.975806
14.324596
14.324596
4.137959
4.137959
4.137959
4.137959
4.137959
4.137959
14.324596
5.940037
17.885157
21.915997
21.915997
7.415832
7.415832
7.415832
7.415832
7.415832
11.973569
21.915997
21.915997
22.475832
9.706172
7.385298
10.360106
3.466968
22.128479
1.724691
8.846123
24.342749
22.095365
21.915997
7.415832
7.415832
7.415832
1.978566
21.915997
21.915997
21.370614
24.471349
12.467503
2.125268
5.030749
2.340326
10.526013
22.781569
2.344314
1.668238
11.350548
8.675158
7.544023
1.50438
5.082063
18.05542
2.342821
2.342821
1.821274
24.559833
4.633944
2.8254
2.342821
2.342821
8.253888
19.261633
24.669217
13.109482
1.84335
2.34558
2.663779
8.096075
9.810758
7.986855
6.193792
2.342821
20.486931
1.550842
23.620033
22.128479
1.88587
9.130628
24.372022
4.264108
22.128479
6.056361
24.157013
22.128479
22.059491
22.059491
1.735729
22.059491
18.54567
22.059491
1.975806
1.975806
22.059491
9.283223
14.177089
6.552115
22.051765
1.156233
5.867358
1.156233
1.975806
22.059491
1.876464
6.196319
22.128479
7.033052
24.214665
22.128479
11.612538
9.337255
1.821274
1.602276
2.342821
1.58125
13.292019
19.574051
21.503321
13.559175
2.342821
11.238988
2.452461
3.21886
22.059491
1.876464
22.059491
14.212629
22.128479
2.342821
2.342821
11.058399
8.066318
19.617436
1.018645
5.527834
22.059491
14.324596
4.137959
4.137959
4.137959
4.137959
4.137959
4.137959
14.324596
22.059491
22.128479
23.808804
10.849326
8.731077
8.782337
9.312531
3.856634
0.0
0.548133
14.127587
8.216374
10.912329
6.34379
21.62555
2.342821
18.24939
2.34558
11.161735
1.771059
9.196183
1.471823
1.821274
1.821274
1.138875
12.09705
1.202638
8.160508
24.67618
6.91417
21.745348
10.047297
17.695261
22.506634
14.177641
19.488438
4.455249
5.091883
0.0
0.0
0.0
4.156434
27.081358
8.980863
18.887856
0.776039
9.720778
4.791555
5.201657
10.624953
2.34558
15.189464
0.0
0.058427
3.952241
16.566859
0.0
12.276445
0.0
2.350232
22.70434
16.966875
5.69682
14.043441
3.967019
22.083036
3.95188
2.992104
23.076276
7.376412
8.744751
8.122597
10.962222
2.342821
18.182088
2.342821
13.465679
2.342821
4.864892
19.5052
5.120665
25.370581
10.378099
5.091883
0.0
6.570624
3.971801
21.883588
17.192178
14.158641
19.706398
12.499717
4.096809
0.0
24.409193
23.504016
22.095365
21.915997
21.915997
21.915997
1.978566
1.978566
7.415832
7.415832
7.415832
7.415832
11.973569
21.915997
21.915997
21.915997
22.095365
4.765276
0.0
21.386752
19.093314
1.454748
2.342821
10.11127
16.961583
22.128479
2.445305
1.876464
1.876464
14.145106
22.128479
17.03478
1.712242
2.342821
19.093314
1.212312
22.345491
17.573021
6.120581
21.233342
21.669068
25.069608
9.086732
10.453698
14.352677
8.389623
1.023409
24.739082
0.444299
24.290262
17.715639
19.011375
16.860487
22.594163
22.095365
21.915997
25.11884
21.915997
21.915997
21.915997
1.978566
1.978566
21.915997
21.915997
21.915997
21.915997
21.915997
16.280133
15.895768
21.915997
21.915997
21.915997
21.915997
21.915997
21.915997
21.915997
21.915997
22.743848
2.956187
1.627809
11.98618
0.0
6.550079
24.233627
8.983848
7.129401
24.330114
1.724691
11.99701
1.156233
14.324596
4.137959
4.137959
4.137959
4.137959
7.120465
4.137959
4.137959
4.137959
11.478347
3.007872
11.89065
1.978566
7.415832
7.415832
7.415832
7.415832
7.415832
1.978566
22.095365
17.699
7.466543
1.975806
4.137959
4.137959
4.137959
4.137959
14.324596
1.156233
1.156233
14.324596
24.570641
15.72124
22.188708
16.352741
20.581961
5.495605
7.618996
2.34558
0.0
0.0
9.497534
8.149485
21.841259
21.30231
21.637386
21.507325
1.85323
24.554941
22.291289
1.876464
1.876464
23.768848
1.876464
1.876464
22.128479
15.864455
2.910243
1.793034
2.310376
5.062336
11.677364
1.389862
5.205502
10.720521
3.197861
12.516789
21.663974
19.989077
0.0
10.597541
4.146922
23.220234
22.126265
0.0
24.739082
11.528677
22.434986
12.376509
1.459532
22.128479
22.059491
14.197749
1.156233
10.545947
22.128479
9.901248
1.558263
20.378376
22.776963
21.860145
2.707416
21.827181
0.0
6.737021
10.52872
2.119406
21.310135
2.34558
1.395665
20.145644
2.342821
22.353703
2.342821
25.694555
1.738304
21.870556
7.857366
22.128479
3.559901
22.128479
4.675458
22.128479
1.550842
23.282578
14.862136
22.128479
24.413612
4.941102
10.4927
1.583752
2.342821
1.724691
2.342821
14.307406
25.435071
10.926255
22.336003
0.0
21.943676
6.867021
0.0
7.616462
2.006546
8.267434
2.34558
7.269602
1.583752
1.597066
10.620688
2.342821
22.213149
1.014086
22.864907
0.479743
6.845152
14.314968
2.342821
2.342821
21.845896
4.656635
2.342821
8.260552
19.637131
2.342821
3.170098
17.694797
3.230322
1.734097
1.724691
24.340521
2.342821
13.458554
21.890881
10.694956
4.118928
5.279314
7.117699
7.566868
23.773313
25.349172
3.297774
3.18865
24.687903
1.604166
18.80879
21.181191
1.73706
2.342821
18.906659
17.885157
3.081357
21.915997
21.915997
21.915997
11.973569
21.915997
21.915997
21.915997
22.095365
5.063957
25.305607
12.045231
2.449975
24.373285
1.539804
3.087244
18.185685
3.286514
10.036104
24.411199
2.342821
5.233459
20.180359
5.507841
24.629455
6.818739
7.008669
16.589896
7.950058
12.810201
5.59518
0.760592
22.152848
9.454957
21.065388
1.473223
22.161516
5.601304
27.224821
2.342821
22.029948
10.538502
1.156233
1.156233
22.059491
10.364584
15.54181
1.821274
2.342821
15.018138
22.288995
10.205955
0.436249
10.795524
5.123608
0.0
11.556618
2.779774
4.924177
23.428206
22.143794
21.915997
21.827181
25.678142
21.393987
2.445879
10.975542
14.324596
14.324596
4.137959
4.137959
11.201195
22.062574
4.137959
4.137959
4.137959
8.567612
4.137959
4.137959
4.137959
4.137959
4.137959
4.137959
4.137959
4.137959
14.324596
4.137959
11.979016
12.319214
4.137959
4.137959
4.137959
4.137959
4.137959
4.137959
4.137959
13.797674
